x1
1.0
1.0
1.0
1.0
1.0
1.0
1.0
1.0
1.0
1.0
1.0
1.0
1.0
1.0
1.0
1.0
1.0
1.0
1.0
1.0
1.0
1.0
1.0
1.0
1.0
1.0
1.0
1.0
1.0
1.0
1.0
1.0
1.0
1.0
1.0
1.0
1.0
1.0
1.0
1.0
1.0
1.0
1.0
1.0
1.0
1.0
1.0
1.0
1.0
1.0
1.0
1.0
1.0
1.0
1.0
1.0
1.0
1.0
1.0
1.0
1.0
1.0
1.0
1.0
1.0
1.0
1.0
1.0
1.0
1.0
1.0
1.0
1.0
1.0
1.0
1.0
1.0
1.0
1.0
1.0
1.0
1.0
1.0
1.0
1.0
1.0
1.0
1.0
1.0
1.0
1.0
1.0
1.0
1.0
1.0
1.0
1.0
1.0
1.0
1.0
1.0
1.0
1.0
1.0
1.0
1.0
1.0
1.0
1.0
1.0
1.0
1.0
1.0
1.0
1.0
1.0
1.0
1.0
1.0
1.0
1.0
1.0
1.0
1.0
1.0
1.0
1.0
1.0
1.0
1.0
1.0
1.0
1.0
1.0
1.0
1.0
1.0
1.0
1.0
1.0
1.0
1.0
1.0
1.0
1.0
1.0
1.0
1.0
1.0
1.0
1.0
1.0
1.0
1.0
1.0
1.0
0.0012401000276040886
4.158621724078791e-5
1.5742575029856528e-5
5.710399520453809e-5
2.779949173209769e-6
2.954578731769824e-5
0.0005414103663639524
0.026720202904242898
0.02509059875344222
0.027811027570561565
0.0255365187699042
0.025509173880902288
0.023740126489941032
0.028162490697199154
0.023165199200507115
0.02362533409134486
0.023811132016905764
1.2073180419806525e-5
0.0010422950527244764
0.0006204348615070395
8.009539490448669e-5
0.0023631286712893526
0.002336225450268019
0.027923412077390363
0.029281550125676962
0.031373568767814365
0.004989867438038903
0.027838226196864893
0.0043469239922820455
0.004742714563336742
0.02856138100985874
0.00043274538575596
0.0005962348476282184
8.803426319679954e-5
0.0050054779140495465
0.0020699468175299153
0.000977976043317647
0.0006579834552064713
0.004932695302717833
0.00495431909907882
0.0008819343255732853
0.003194365399057592
8.339566228016991e-5
0.004958254287352081
0.02635383403965594
0.027443659782280968
0.027907182418434748
0.0270373674210074
4.299722169410706e-5
0.004840616324436033
0.030354664222296057
0.004884268977589061
0.026873790284260134
0.025239286422194473
0.029893677222079324
0.028577038308916978
0.02805547811136812
0.028495160426500018
0.02880250484206162
0.0057206055752193966
0.0050789507217999215
4.1379150671653165e-5
0.0013525670200543077
2.112509998012656e-6
0.0019393650380748928
0.002048041305716443
0.004728949669929517
0.02864346273052036
0.025127302478990268
0.004347194236690463
0.0048485902520003
0.003886413725528012
0.024702354941628767
0.030231006247334394
0.0037367659348828157
0.00495012887162939
0.023286207172128738
0.023941826489627515
0.03036528513054067
0.0045742388962668286
0.004802393502635582
0.022688672438315276
0.027946022647383644
0.026131581458621708
0.02720265742605585
0.026686559528275568
0.02458869238208326
0.02400581799954072
0.031592357458919536
7.315213210697626e-5
1.7786988969773219e-6
0.0016942846029463338
3.556053690687653e-5
0.000250638901995932
0.0029113448014758555
3.1747594370516515e-5
0.004601305066586795
0.031507994661264346
0.0021845883927791242
8.654946075342081e-5
7.342685894698291e-5
0.002145929725013556
0.004797425936672814
0.03081906841651262
0.004213423939193114
0.0244868041775895
0.0266919243857187
0.002131320833507808
0.0022949382199788236
0.00215361345876645
0.0017991400586422832
0.001859741013793945
0.004114916602466577
0.019432770707869047
0.027091446001146394
0.024485845171101046
0.02473172637060013
0.025890996835783348
0.027689549741854703
0.02722441009028462
0.010727244769337958
0.025343060988759793
0.024354967276011164
0.02634208374212975
0.025026186791735384
0.0035911890038196606
0.0029184197344749134
9.386458197506476e-5
0.005101254424238014
0.0299169454705348
0.029757527784837454
0.029169633989308254
0.03064638775631405
0.030622147210547467
0.029197262325944814
0.030602452445303643
0.027915906251947026
0.0049873715418473664
0.02703089274603618
0.00026857624439829937
0.004589527243778426
0.004278155037592257
0.031129858004342835
0.0306679553366468
0.024074752144383014
0.0215363656958309
0.029305843653648796
0.0020257391771328257
0.02775805534770016
0.024483398972801766
0.025325183854011436
0.02861464407904003
0.004403203677135128
0.025213888279203563
0.004696438845856394
