x1
1.0
1.0
1.0
1.0
1.0
1.0
1.0
1.0
1.0
1.0
1.0
1.0
1.0
1.0
1.0
1.0
1.0
1.0
1.0
1.0
1.0
1.0
1.0
1.0
1.0
1.0
1.0
1.0
1.0
1.0
1.0
1.0
1.0
1.0
1.0
1.0
1.0
1.0
1.0
1.0
1.0
1.0
1.0
1.0
1.0
1.0
1.0
1.0
1.0
1.0
1.0
1.0
1.0
1.0
1.0
1.0
1.0
1.0
1.0
1.0
1.0
1.0
1.0
1.0
1.0
1.0
1.0
1.0
1.0
1.0
1.0
1.0
1.0
1.0
1.0
1.0
1.0
1.0
1.0
1.0
1.0
1.0
1.0
1.0
1.0
1.0
1.0
1.0
1.0
1.0
1.0
1.0
1.0
1.0
1.0
1.0
1.0
1.0
1.0
1.0
1.0
1.0
1.0
1.0
1.0
1.0
1.0
1.0
1.0
1.0
1.0
1.0
1.0
1.0
1.0
1.0
1.0
1.0
1.0
1.0
1.0
1.0
1.0
1.0
1.0
1.0
1.0
1.0
1.0
1.0
1.0
1.0
1.0
1.0
1.0
1.0
1.0
1.0
1.0
1.0
1.0
1.0
1.0
1.0
1.0
1.0
1.0
1.0
1.0
1.0
1.0
1.0
1.0
1.0
1.0
1.0
0.003129292520530954
0.0002521362434603642
6.676821142160296e-5
0.00014304553999906338
1.7242456204705494e-5
9.93762052149096e-5
0.0010752928330287302
0.02380718190339308
0.023800162871587798
0.0238142272040216
0.023807312265515662
0.02380823220261849
0.023798561330367358
0.0238260927850239
0.0237893096193031
0.023802513898530997
0.023803954451344964
0.00011749756554651099
0.002504675259953491
0.0034099591608394444
0.002162204197755762
0.003579558501849117
0.0030877811794047015
0.02382379517081597
0.023828514981817574
0.023830680078349042
0.005782761062538804
0.023825133743258516
0.006375863238488108
0.005780578912741365
0.02382713644548765
0.0010840934956684591
0.00019081519262495298
0.0004316985239167474
0.005783143067072988
0.0026804372324176367
0.0002539824128590008
0.0002030052860102229
0.005050924217016683
0.005045472701786427
0.0002250095928617435
0.0027840169328941866
0.00039289169804912786
0.005781657632802439
0.023814672786734735
0.023821434778532706
0.023825345747389627
0.02382232585516569
0.0003808905891437294
0.005781827472169608
0.02383011014492703
0.00511415922092324
0.02381143929261351
0.023813561130901155
0.023827270757337378
0.023825728461959628
0.02382578704099057
0.023825608045938074
0.023827700123509002
0.005252420804411088
0.005014634645872896
0.00045873164178394195
0.0008991999164702338
4.185966570746996e-5
0.002694624960383735
0.003082585505387902
0.00578043834844837
0.02382733295006626
0.023812897326629376
0.006451720514600164
0.0057821362613284764
0.005931023252958006
0.0238083104398446
0.02382998899222277
0.005504335685457651
0.010236489909653838
0.02379010554820672
0.023802997755397123
0.023830120074918252
0.006377199516301531
0.00577915560278241
0.023788777836251652
0.023825463156514574
0.02381289725430282
0.023819982533810395
0.023820890809031627
0.023802280511332905
0.023805321789774972
0.023830706533719534
0.00018008075817796618
5.488688036087545e-5
0.0022476648988228793
4.983873539628034e-5
0.002034598473540618
0.008387252858831531
0.0010667999697172215
0.0057795902623737
0.02383069944100871
0.003345664578195383
0.0008315511566308301
0.0009188805001560917
0.003080951244354731
0.005781530674894242
0.02383046323482153
0.005770680936096441
0.023803111176999743
0.023820913748922232
0.0027441306839624726
0.002712435296371586
0.0026720338595950296
0.003177574451056541
0.003074306721196328
0.005767913516094695
0.023747658310907964
0.023822535429351793
0.023791305129690105
0.02381042753084238
0.02381174409970789
0.023822292266356394
0.023823037643468204
0.0037716297737153473
0.023798725189922366
0.023807899972370247
0.02381497483078121
0.0238122845309032
0.002865746364501454
0.0026560139557110273
0.000717525883261246
0.006390424158824908
0.023827165350872308
0.02382822997022855
0.023827973112665116
0.02383035030299752
0.023830332858297748
0.02382684500626966
0.02383031840590187
0.023825372242691236
0.005783049460873678
0.023822300553025293
0.0015615474156427374
0.006403238967267388
0.0057741243054978296
0.02383061233189102
0.02383036550534828
0.023793051522224096
0.023783057304798363
0.023828698597063245
0.003605496554692893
0.02381713870292637
0.02380878237699295
0.023810654823809896
0.02382726462703167
0.006486839468856913
0.023813411929830008
0.00578072865683157
