d_val	e_val	j_val	lambda_val	mu_val1	mu_val2	Julia_sum_lq_nFv5	rootstates_lnL_nFv5	Julia_total_lnLs1_nFv5	Julia_sum_lq_nFv6	rootstates_lnL_nFv6	Julia_total_lnLs1_nFv6	Julia_sum_lq_GFv6	rootstates_lnL_GFv6	Julia_total_lnLs1_GFv6
0.0	0.0	0.0	0.3	0.0	0.0	-4.495732271326334	-2.9957322735539913	-7.491464544880325	-4.495732271326334	-2.9957322735539913	-7.491464544880325	-2.0957321708386085	-2.9957322735539913	-5.091464444392599
0.0	0.0	0.0	0.3	0.0	0.5	-5.414314844694269	-2.9957322735539913	-8.410047118248261	-5.414314844694269	-2.9957322735539913	-8.410047118248261	-0.01934682995655912	-2.9957322735539913	-3.0150791035105504
0.0	0.0	0.0	0.3	0.0	1.0	-6.539350313949695	-2.9957322735539913	-9.535082587503688	-6.539350313949695	-2.9957322735539913	-9.535082587503688	1.8516009229209844	-2.9957322735539913	-1.1441313506330069
0.0	0.0	0.0	0.3	0.5	0.0	-5.1886479295618635	-3.086679304821254	-8.275327234383118	-5.1886479295618635	-3.086679304821254	-8.275327234383118	-0.6873934457539588	-3.178854347967748	-3.8662477937217066
0.0	0.0	0.0	0.3	0.5	0.5	-6.085585687148992	-3.1055852149232934	-9.191170902072285	-6.085585687148992	-3.1055852149232934	-9.191170902072285	1.3054723206242875	-3.105585222775113	-1.8001129021508255
0.0	0.0	0.0	0.3	0.5	1.0	-7.1721015946043085	-3.1397924115638136	-10.311894006168123	-7.1721015946043085	-3.1397924115638136	-10.311894006168123	3.1360154631748163	-3.072223905221822	0.06379155795299418
0.0	0.0	0.0	0.3	1.0	0.0	-6.0295376463419075	-3.1023988561661398	-9.131936502508047	-6.0295376463419075	-3.1023988561661398	-9.131936502508047	0.7433145822337446	-3.433290483033012	-2.6899759007992676
0.0	0.0	0.0	0.3	1.0	0.5	-6.9253729050311	-3.121678230061308	-10.047051135092408	-6.9253729050311	-3.121678230061308	-10.047051135092408	2.606405894801343	-3.242976399570663	-0.63657050476932
0.0	0.0	0.0	0.3	1.0	1.0	-8.01049627457606	-3.155927357795854	-11.166423632371913	-8.01049627457606	-3.155927357795854	-11.166423632371913	4.374701711470465	-3.1559274298903075	1.2187742815801572
0.0	0.0	0.1	0.3	0.0	0.0	-3.7884004557417357	-2.894811493313907	-6.683211949055643	-3.7884004557417357	-2.894811493313907	-6.683211949055643	-0.986672356111864	-3.043485876940653	-4.030158233052517
0.0	0.0	0.1	0.3	0.0	0.5	-4.841975246009341	-3.0243245867443265	-7.866299832753667	-4.841975246009341	-3.0243245867443265	-7.866299832753667	1.2174361432703407	-2.5932545130541738	-1.375818369783833
0.0	0.0	0.1	0.3	0.0	1.0	-6.088540673949799	-3.178512554389521	-9.26705322833932	-6.088540673949799	-3.178512554389521	-9.26705322833932	3.330069562373019	-2.174031555515719	1.1560380068573002
0.0	0.0	0.1	0.3	0.5	0.0	-4.216526824997815	-2.832307985040008	-7.048834810037823	-4.216526824997815	-2.832307985040008	-7.048834810037823	0.6119031070643488	-3.434609356615431	-2.822706249551082
0.0	0.0	0.1	0.3	0.5	0.5	-5.2423436888781225	-2.994409454611323	-8.236753143489445	-5.2423436888781225	-2.994409454611323	-8.236753143489445	2.606300347705099	-3.1794697593457473	-0.5731694116406483
0.0	0.0	0.1	0.3	0.5	1.0	-6.450717029944322	-3.215654675126528	-9.66637170507085	-6.450717029944322	-3.215654675126528	-9.66637170507085	4.546586575767655	-2.772533596671886	1.7740529790957695
0.0	0.0	0.1	0.3	1.0	0.0	-4.819785863925351	-2.623878381231217	-7.443664245156569	-4.819785863925351	-2.623878381231217	-7.443664245156569	2.2800502185757807	-3.432241564602899	-1.1521913460271183
0.0	0.0	0.1	0.3	1.0	0.5	-5.854881389561942	-2.78717446429993	-8.642055853861871	-5.854881389561942	-2.78717446429993	-8.642055853861871	4.0280497416213015	-3.458574052939091	0.5694756886822105
0.0	0.0	0.1	0.3	1.0	1.0	-7.088214119481574	-3.0416002749809183	-10.129814394462493	-7.088214119481574	-3.0416002749809183	-10.129814394462493	5.788205409071185	-3.241457951965332	2.5467474571058535
0.0	0.0	1.0	0.3	0.0	0.0	-2.7909841790561085	-2.842478487383763	-5.633462666439872	-2.7909841790561085	-2.842478487383763	-5.633462666439872	0.31305087663490094	-2.943133599949153	-2.630082723314252
0.0	0.0	1.0	0.3	0.0	0.5	-4.151793253209096	-2.8205312260321627	-6.972324479241259	-4.151793253209096	-2.8205312260321627	-6.972324479241259	2.355934377307663	-2.9613751872926404	-0.6054408099849775
0.0	0.0	1.0	0.3	0.0	1.0	-5.59097713715248	-2.792563730532788	-8.383540867685268	-5.59097713715248	-2.792563730532788	-8.383540867685268	4.3417552387651455	-2.934133185961024	1.4076220528041214
0.0	0.0	1.0	0.3	0.5	0.0	-2.9815321301207423	-2.9874752651859335	-5.969007395306676	-2.9815321301207423	-2.9874752651859335	-5.969007395306676	1.9203294953218375	-3.158518862271132	-1.2381893669492947
0.0	0.0	1.0	0.3	0.5	0.5	-4.280220355536125	-3.0143802883030784	-7.294600643839203	-4.280220355536125	-3.0143802883030784	-7.294600643839203	3.844304306414402	-3.128436328528742	0.7158679778856598
0.0	0.0	1.0	0.3	0.5	1.0	-5.628611673426331	-3.053191978703179	-8.68180365212951	-5.628611673426331	-3.053191978703179	-8.68180365212951	5.717135906971681	-3.1007689855685694	2.6163669214031113
0.0	0.0	1.0	0.3	1.0	0.0	-3.4349953503941917	-3.017427808577073	-6.452423158971264	-3.4349953503941917	-3.017427808577073	-6.452423158971264	3.463881543410883	-3.3694876862234007	0.0943938571874825
0.0	0.0	1.0	0.3	1.0	0.5	-4.770033535224838	-3.051142020041046	-7.821175555265885	-4.770033535224838	-3.051142020041046	-7.821175555265885	5.232377904390392	-3.271472463499295	1.9609054408910973
0.0	0.0	1.0	0.3	1.0	1.0	-6.167626086534886	-3.0879834150701604	-9.255609501605047	-6.167626086534886	-3.0879834150701604	-9.255609501605047	6.96563785694696	-3.206896003960741	3.7587418529862187
0.0	0.5	0.0	0.3	0.0	0.0	-4.646548012659129	-3.3550363871762596	-8.001584399835389	-4.646548012659129	-3.3550363871762596	-8.001584399835389	-2.304737840527814	-3.3550364038931515	-5.659774244420966
0.0	0.5	0.0	0.3	0.0	0.5	-5.466658996435726	-3.4272994187609864	-8.893958415196712	-5.466658996435726	-3.4272994187609864	-8.893958415196712	-0.38631247628593357	-3.247002544296317	-3.6333150205822506
0.0	0.5	0.0	0.3	0.0	1.0	-6.4260478481752195	-3.5541404555992657	-9.980188303774485	-6.4260478481752195	-3.5541404555992657	-9.980188303774485	1.3957028681101078	-3.1924775177284266	-1.7967746496183188
0.0	0.5	0.0	0.3	0.5	0.0	-5.54427613493414	-3.314557670239789	-8.85883380517393	-5.54427613493414	-3.314557670239789	-8.85883380517393	-0.8731303244464117	-3.550920824829475	-4.424051149275886
0.0	0.5	0.0	0.3	0.5	0.5	-6.391785459665411	-3.365947758107343	-9.757733217772754	-6.391785459665411	-3.365947758107343	-9.757733217772754	0.9505631858549566	-3.365947797764393	-2.4153846119094364
0.0	0.5	0.0	0.3	0.5	1.0	-7.397516411231294	-3.455162039397219	-10.852678450628513	-7.397516411231294	-3.455162039397219	-10.852678450628513	2.6827068226933486	-3.273839846121889	-0.5911330234285406
0.0	0.5	0.0	0.3	1.0	0.0	-6.4921199707538175	-3.2717614390848295	-9.763881409838646	-6.4921199707538175	-3.2717614390848295	-9.763881409838646	0.5938237070296517	-3.8165952754018417	-3.22277156837219
0.0	0.5	0.0	0.3	1.0	0.5	-7.359549082704101	-3.308498735515401	-10.668047818219502	-7.359549082704101	-3.308498735515401	-10.668047818219502	2.284097710160723	-3.520332842649288	-1.2362351324885648
0.0	0.5	0.0	0.3	1.0	1.0	-8.398710296810513	-3.3713190081804734	-11.770029304990986	-8.398710296810513	-3.3713190081804734	-11.770029304990986	3.943903161185066	-3.371319104247573	0.5725840569374929
0.0	0.5	0.1	0.3	0.0	0.0	-3.4665057925629155	-3.179092106235331	-6.645597898798247	-3.4665057925629155	-3.179092106235331	-6.645597898798247	-0.6242322240233906	-3.311948433016398	-3.9361806570397886
0.0	0.5	0.1	0.3	0.0	0.5	-4.439253014151789	-3.3494353480992243	-7.788688362251014	-4.439253014151789	-3.3494353480992243	-7.788688362251014	1.4956901993756464	-2.8707681262826967	-1.3750779269070503
0.0	0.5	0.1	0.3	0.0	1.0	-5.546788085664657	-3.5509549851127886	-9.097743070777446	-5.546788085664657	-3.5509549851127886	-9.097743070777446	3.5824249905071115	-2.4565017597024337	1.1259232308046778
0.0	0.5	0.1	0.3	0.5	0.0	-4.02469135129633	-3.012535668365001	-7.03722701966133	-4.02469135129633	-3.012535668365001	-7.03722701966133	0.9597819748061607	-3.577934485774887	-2.6181525109687263
0.0	0.5	0.1	0.3	0.5	0.5	-5.023984983702384	-3.1839494711515752	-8.207934454853959	-5.023984983702384	-3.1839494711515752	-8.207934454853959	2.8595709099640594	-3.354626647709057	-0.4950557377449978
0.0	0.5	0.1	0.3	0.5	1.0	-6.187900480842956	-3.4106573196937027	-9.598557800536659	-6.187900480842956	-3.4106573196937027	-9.598557800536659	4.7622605111879945	-2.9765260414916397	1.7857344696963549
0.0	0.5	0.1	0.3	1.0	0.0	-4.668303241750596	-2.7786520546626523	-7.446955296413249	-4.668303241750596	-2.7786520546626523	-7.446955296413249	2.6219644807726232	-3.5821445122227464	-0.9601800314501232
0.0	0.5	0.1	0.3	1.0	0.5	-5.6951462836659745	-2.9415663972821187	-8.636712680948094	-5.6951462836659745	-2.9415663972821187	-8.636712680948094	4.280972114843139	-3.569283061034867	0.7116890538082719
0.0	0.5	0.1	0.3	1.0	1.0	-6.916712127134697	-3.188965945881298	-10.105678073015994	-6.916712127134697	-3.188965945881298	-10.105678073015994	5.9932478610591495	-3.377885546703629	2.6153623143555205
0.0	0.5	1.0	0.3	0.0	0.0	-2.2611405525874404	-3.3029957567280754	-5.564136309315516	-2.2611405525874404	-3.3029957567280754	-5.564136309315516	0.9310197870296204	-3.4392810915241827	-2.508261304494562
0.0	0.5	1.0	0.3	0.0	0.5	-3.493595419549737	-3.3622855679054244	-6.855880987455162	-3.493595419549737	-3.3622855679054244	-6.855880987455162	2.8546032033831015	-3.398236346421277	-0.5436331430381753
0.0	0.5	1.0	0.3	0.0	1.0	-4.733720010090184	-3.4562635466525085	-8.189983556742693	-4.733720010090184	-3.4562635466525085	-8.189983556742693	4.763780189905667	-3.3489515848775486	1.4148286050281182
0.0	0.5	1.0	0.3	0.5	0.0	-2.630830522331059	-3.293091844689654	-5.9239223670207135	-2.630830522331059	-3.293091844689654	-5.9239223670207135	2.463622768112535	-3.5305729674208717	-1.0669501993083368
0.0	0.5	1.0	0.3	0.5	0.5	-3.886888342922818	-3.335305398543778	-7.2221937414665955	-3.886888342922818	-3.335305398543778	-7.2221937414665955	4.284529605104877	-3.4556632645640764	0.828866340540801
0.0	0.5	1.0	0.3	0.5	1.0	-5.178231352573981	-3.397405208930188	-8.575636561504169	-5.178231352573981	-3.397405208930188	-8.575636561504169	6.092835070311098	-3.404591427827087	2.6882436424840113
0.0	0.5	1.0	0.3	1.0	0.0	-3.1544415627203968	-3.2726710879701066	-6.427112650690503	-3.1544415627203968	-3.2726710879701066	-6.427112650690503	3.967434572512427	-3.6541591580494583	0.3132754144629688
0.0	0.5	1.0	0.3	1.0	0.5	-4.466888904356056	-3.307266331163211	-7.774155235519267	-4.466888904356056	-3.307266331163211	-7.774155235519267	5.646488649459235	-3.540848963973842	2.1056396854853925
0.0	0.5	1.0	0.3	1.0	1.0	-5.837520227304249	-3.3489820303719786	-9.186502257676228	-5.837520227304249	-3.3489820303719786	-9.186502257676228	7.323061358585152	-3.462599191504689	3.860462167080463
0.0	1.0	0.0	0.3	0.0	0.0	-5.473309732705443	-3.395073427035268	-8.868383159740711	-5.473309732705443	-3.395073427035268	-8.868383159740711	-3.132108069703919	-3.395073454018169	-6.5271815237220885
0.0	1.0	0.0	0.3	0.0	0.5	-6.319364546594487	-3.4452465050593486	-9.764611051653835	-6.319364546594487	-3.4452465050593486	-9.764611051653835	-1.1932407598962433	-3.3098395882339373	-4.50308034813018
0.0	1.0	0.0	0.3	0.0	1.0	-7.3253378764195185	-3.5298429796711606	-10.85518085609068	-7.3253378764195185	-3.5298429796711606	-10.85518085609068	0.5915015814046773	-3.2611115209719452	-2.669609939567268
0.0	1.0	0.0	0.3	0.5	0.0	-6.375421838932439	-3.3585020114674413	-9.733923850399881	-6.375421838932439	-3.3585020114674413	-9.733923850399881	-1.777676353117702	-3.525299590767075	-5.302975943884777
0.0	1.0	0.0	0.3	0.5	0.5	-7.239554846974156	-3.396498896564253	-10.636053743538408	-7.239554846974156	-3.396498896564253	-10.636053743538408	0.1029012769604769	-3.396498948873293	-3.293597671912816
0.0	1.0	0.0	0.3	0.5	1.0	-8.27491151070317	-3.459517296937729	-11.7344288076409	-8.27491151070317	-3.459517296937729	-11.7344288076409	1.8549148380370593	-3.3253685923069343	-1.470453754269875
0.0	1.0	0.0	0.3	1.0	0.0	-7.324062819723255	-3.3206573519123066	-10.644720171635562	-7.324062819723255	-3.3206573519123066	-10.644720171635562	-0.4225548722339796	-3.692092876339282	-4.114647748573262
0.0	1.0	0.0	0.3	1.0	0.5	-8.201904439513417	-3.3497369318101797	-11.551641371323596	-8.201904439513417	-3.3497369318101797	-11.551641371323596	1.3768656070407221	-3.5002955668486067	-2.1234299598078845
0.0	1.0	0.0	0.3	1.0	1.0	-9.259144960468099	-3.397205545660272	-12.656350506128371	-9.259144960468099	-3.397205545660272	-12.656350506128371	3.0841231889425065	-3.397205650587982	-0.3130824616454757
0.0	1.0	0.1	0.3	0.0	0.0	-3.5508098653773086	-3.114086248444109	-6.664896113821418	-3.5508098653773086	-3.114086248444109	-6.664896113821418	-0.6680745076436609	-3.286373166936542	-3.9544476745802033
0.0	1.0	0.1	0.3	0.0	0.5	-4.575012930031015	-3.2596211546787925	-7.8346340847098075	-4.575012930031015	-3.2596211546787925	-7.8346340847098075	1.5150884497370418	-2.889487970711501	-1.374399520974459
0.0	1.0	0.1	0.3	0.0	1.0	-5.765829826976283	-3.441101013425088	-9.206930840401371	-5.765829826976283	-3.441101013425088	-9.206930840401371	3.644310353199217	-2.5239367254915144	1.1203736277077025
0.0	1.0	0.1	0.3	0.5	0.0	-4.057479258992918	-2.9839673778832165	-7.041446636876135	-4.057479258992918	-2.9839673778832165	-7.041446636876135	0.8538216986503504	-3.542527837857259	-2.6887061392069085
0.0	1.0	0.1	0.3	0.5	0.5	-5.091301763591348	-3.1316827480066993	-8.222984511598048	-5.091301763591348	-3.1316827480066993	-8.222984511598048	2.8284997989757152	-3.3369437774614363	-0.5084439784857211
0.0	1.0	0.1	0.3	0.5	1.0	-6.311312822741268	-3.335474398463936	-9.646787221205205	-6.311312822741268	-3.335474398463936	-9.646787221205205	4.780192824972858	-2.992984018087254	1.7872088068856038
0.0	1.0	0.1	0.3	1.0	0.0	-4.662278719082259	-2.784676451434048	-7.446955170516308	-4.662278719082259	-2.784676451434048	-7.446955170516308	2.449460686430048	-3.5111075824144184	-1.0616468959843703
0.0	1.0	0.1	0.3	1.0	0.5	-5.7131111747301	-2.9251108138452278	-8.638221988575328	-5.7131111747301	-2.9251108138452278	-8.638221988575328	4.197605843887373	-3.537991809130981	0.6596140347563915
0.0	1.0	0.1	0.3	1.0	1.0	-6.975067812295875	-3.143611085146628	-10.118678897442503	-6.975067812295875	-3.143611085146628	-10.118678897442503	5.968902581826017	-3.364217354026785	2.604685227799232
0.0	1.0	1.0	0.3	0.0	0.0	-2.194604473722659	-3.350704101315929	-5.545308575038588	-2.194604473722659	-3.350704101315929	-5.545308575038588	0.9472801423686459	-3.4496603626982774	-2.5023802203296315
0.0	1.0	1.0	0.3	0.0	0.5	-3.478765285326465	-3.372392862217289	-6.851158147543754	-3.478765285326465	-3.372392862217289	-6.851158147543754	2.923723703959869	-3.4459830796261626	-0.5222593756662937
0.0	1.0	1.0	0.3	0.0	1.0	-4.8022343738755975	-3.4160695135635972	-8.218303887439195	-4.8022343738755975	-3.4160695135635972	-8.218303887439195	4.863370578411214	-3.4258154403225842	1.4375551380886296
0.0	1.0	1.0	0.3	0.5	0.0	-2.549717770764671	-3.353511540677562	-5.903229311442233	-2.549717770764671	-3.353511540677562	-5.903229311442233	2.391305461147964	-3.4888038721088828	-1.097498410960919
0.0	1.0	1.0	0.3	0.5	0.5	-3.8355918457767784	-3.371209343429123	-7.206801189205901	-3.8355918457767784	-3.371209343429123	-7.206801189205901	4.288819772319737	-3.4583692958270804	0.8304504764926568
0.0	1.0	1.0	0.3	0.5	1.0	-5.1717989126317825	-3.4017005856582663	-8.57349949829005	-5.1717989126317825	-3.4017005856582663	-8.57349949829005	6.144765676572869	-3.439804080831632	2.704961595741237
0.0	1.0	1.0	0.3	1.0	0.0	-3.0625784152187503	-3.344880416834274	-6.407458832053024	-3.0625784152187503	-3.344880416834274	-6.407458832053024	3.7958071084101777	-3.5693167230972436	0.22649038531293408
0.0	1.0	1.0	0.3	1.0	0.5	-4.394188543383281	-3.3607142270377977	-7.754902770421079	-4.394188543383281	-3.3607142270377977	-7.754902770421079	5.5765172531489995	-3.5009390743362054	2.075578178812794
0.0	1.0	1.0	0.3	1.0	1.0	-5.793772477393484	-3.3792856318629356	-9.17305810925642	-5.793772477393484	-3.3792856318629356	-9.17305810925642	7.321075595511307	-3.461377809845646	3.8596977856656616
0.5	0.0	0.0	0.3	0.0	0.0	-5.915228299548017	-2.882205294183729	-8.797433593731746	-5.915228299548017	-2.882205294183729	-8.797433593731746	-3.398468485340456	-2.971360317275986	-6.369828802616443
0.5	0.0	0.0	0.3	0.0	0.5	-6.968802629383996	-2.9537680754712827	-9.922570704855278	-6.968802629383996	-2.9537680754712827	-9.922570704855278	-1.352310822571701	-2.7363069787456227	-4.088617801317324
0.5	0.0	0.0	0.3	0.0	1.0	-8.173426475609503	-3.0395243615015066	-11.21295083711101	-8.173426475609503	-3.0395243615015066	-11.21295083711101	0.5812895148990864	-2.462446038877955	-1.8811565239788686
0.5	0.0	0.0	0.3	0.5	0.0	-6.206210686022679	-2.8915092831224816	-9.09771996914516	-6.206210686022679	-2.8915092831224816	-9.09771996914516	-1.422486761321354	-3.4813065820351476	-4.903793343356502
0.5	0.0	0.0	0.3	0.5	0.5	-7.216784558632427	-3.035472248738456	-10.252256807370884	-7.216784558632427	-3.035472248738456	-10.252256807370884	0.3540604695693914	-3.2167980685675266	-2.862737598998135
0.5	0.0	0.0	0.3	0.5	1.0	-8.337771892636306	-3.2222962146406777	-11.560068107276983	-8.337771892636306	-3.2222962146406777	-11.560068107276983	2.1200202284998664	-2.9049955214187655	-0.7849752929188991
0.5	0.0	0.0	0.3	1.0	0.0	-6.791200056144671	-2.703128269277737	-9.494328325422408	-6.791200056144671	-2.703128269277737	-9.494328325422408	0.6039851823455487	-3.3966445186716965	-2.792659336326148
0.5	0.0	0.0	0.3	1.0	0.5	-7.826655969259356	-2.8726471852561732	-10.69930315451553	-7.826655969259356	-2.8726471852561732	-10.69930315451553	2.0744852026582437	-3.517679439351043	-1.4431942366927992
0.5	0.0	0.0	0.3	1.0	1.0	-8.974269552114066	-3.0958783910600616	-12.070147943174128	-8.974269552114066	-3.0958783910600616	-12.070147943174128	3.629067383761145	-3.315190221283678	0.3138771624774672
0.5	0.0	0.1	0.3	0.0	0.0	-5.615774081426919	-2.7658819675022652	-8.381656048929184	-5.615774081426919	-2.7658819675022652	-8.381656048929184	-2.85061316700699	-2.9026757450754244	-5.753288912082414
0.5	0.0	0.1	0.3	0.0	0.5	-6.758726991037202	-2.8879565905003677	-9.64668358153757	-6.758726991037202	-2.8879565905003677	-9.64668358153757	-0.7911920601336431	-2.587474787832934	-3.378666847966577
0.5	0.0	0.1	0.3	0.0	1.0	-8.033277208174404	-3.020620987114784	-11.053898195289188	-8.033277208174404	-3.020620987114784	-11.053898195289188	1.2030624749081817	-2.2634624121925544	-1.0603999372843727
0.5	0.0	0.1	0.3	0.5	0.0	-5.7858717303370675	-2.790050848537321	-8.575922578874389	-5.7858717303370675	-2.790050848537321	-8.575922578874389	-0.8107030645676783	-3.3874864365223387	-4.198189501090017
0.5	0.0	0.1	0.3	0.5	0.5	-6.8764718688348	-2.983424980172954	-9.859896849007754	-6.8764718688348	-2.983424980172954	-9.859896849007754	0.9572206858948342	-3.1659639054183524	-2.208743219523518
0.5	0.0	0.1	0.3	0.5	1.0	-8.055658181975202	-3.21078603538681	-11.266444217362013	-8.055658181975202	-3.21078603538681	-11.266444217362013	2.741993528634899	-2.828116769902866	-0.08612324126796711
0.5	0.0	0.1	0.3	1.0	0.0	-6.277108875648455	-2.6066765018456817	-8.883785377494137	-6.277108875648455	-2.6066765018456817	-8.883785377494137	1.2226827359672185	-3.271072644536391	-2.0483899085691726
0.5	0.0	0.1	0.3	1.0	0.5	-7.399737167079383	-2.813087374870484	-10.212824541949868	-7.399737167079383	-2.813087374870484	-10.212824541949868	2.69652731658888	-3.395108579600949	-0.6985812630120689
0.5	0.0	0.1	0.3	1.0	1.0	-8.617161284577412	-3.0727116524522744	-11.689872937029687	-8.617161284577412	-3.0727116524522744	-11.689872937029687	4.251476444250517	-3.2529472254029943	0.9985292188475223
0.5	0.0	1.0	0.3	0.0	0.0	-4.9880332414881305	-2.891145271503893	-7.8791785129920235	-4.9880332414881305	-2.891145271503893	-7.8791785129920235	-1.8289426202799866	-2.988095604075749	-4.817038224355736
0.5	0.0	1.0	0.3	0.0	0.5	-6.379171710782604	-2.8728994009002244	-9.252071111682827	-6.379171710782604	-2.8728994009002244	-9.252071111682827	0.11368233016989548	-2.999968308638014	-2.886285978468118
0.5	0.0	1.0	0.3	0.0	1.0	-7.818046428360627	-2.851464471226179	-10.669510899586806	-7.818046428360627	-2.851464471226179	-10.669510899586806	2.0306161188671963	-2.977893994645137	-0.9472778757779405
0.5	0.0	1.0	0.3	0.5	0.0	-4.983131215413935	-3.050089381444128	-8.033220596858063	-4.983131215413935	-3.050089381444128	-8.033220596858063	0.2147179738540117	-3.270153483632983	-3.055435509778971
0.5	0.0	1.0	0.3	0.5	0.5	-6.279386140654891	-3.090936554993336	-9.370322695648227	-6.279386140654891	-3.090936554993336	-9.370322695648227	1.9388399628021535	-3.206071041633128	-1.2672310788309746
0.5	0.0	1.0	0.3	0.5	1.0	-7.5638937123192385	-3.1505890230525164	-10.714482735371755	-7.5638937123192385	-3.1505890230525164	-10.714482735371755	3.6771660433234414	-3.1587045134928315	0.5184615298306099
0.5	0.0	1.0	0.3	1.0	0.0	-5.373448273647203	-3.0711917492030167	-8.44464002285022	-5.373448273647203	-3.0711917492030167	-8.44464002285022	2.123922360852176	-3.4695134632130316	-1.3455911023608556
0.5	0.0	1.0	0.3	1.0	0.5	-6.717823880201842	-3.1133316597578995	-9.831155539959742	-6.717823880201842	-3.1133316597578995	-9.831155539959742	3.637008867147586	-3.365590559117727	0.2714183080298591
0.5	0.0	1.0	0.3	1.0	1.0	-8.058521803068164	-3.1654891648801464	-11.22401096794831	-8.058521803068164	-3.1654891648801464	-11.22401096794831	5.184854889652574	-3.282816857763232	1.9020380318893424
0.5	0.5	0.0	0.3	0.0	0.0	-4.169233780309882	-3.2779161025559955	-7.447149882865878	-4.169233780309882	-3.2779161025559955	-7.447149882865878	-1.2784496346984484	-3.3600449018010043	-4.6384945364994525
0.5	0.5	0.0	0.3	0.0	0.5	-4.929585794400337	-3.4981048973589552	-8.427690691759292	-4.929585794400337	-3.4981048973589552	-8.427690691759292	0.29337135403143577	-3.190444890641732	-2.8970735366102964
0.5	0.5	0.0	0.3	0.0	1.0	-5.6922063015694775	-3.5716559113070936	-9.263862212876571	-5.6922063015694775	-3.5716559113070936	-9.263862212876571	2.0638512775900537	-2.603198368225636	-0.5393470906355824
0.5	0.5	0.0	0.3	0.5	0.0	-4.841611802405208	-2.971620779030809	-7.813232581436017	-4.841611802405208	-2.971620779030809	-7.813232581436017	0.9744576786852299	-2.8977163735886307	-1.9232586949034007
0.5	0.5	0.0	0.3	0.5	0.5	-5.737945714691357	-3.2772264048582413	-9.015172119549598	-5.737945714691357	-3.2772264048582413	-9.015172119549598	2.1809311935668636	-3.353091234117861	-1.1721600405509975
0.5	0.5	0.0	0.3	0.5	1.0	-6.64997431958229	-3.516196118612373	-10.166170438194662	-6.64997431958229	-3.516196118612373	-10.166170438194662	3.6007203161765866	-3.25846247302213	0.3422578431544565
0.5	0.5	0.0	0.3	1.0	0.0	-5.528082212067272	-2.601455904862159	-8.129538116929432	-5.528082212067272	-2.601455904862159	-8.129538116929432	3.2632982914299657	-2.5296765718109095	0.7336217196190562
0.5	0.5	0.0	0.3	1.0	0.5	-6.566126897303354	-2.9123055359629064	-9.47843243326626	-6.566126897303354	-2.9123055359629064	-9.47843243326626	4.183352501102498	-2.948748821087171	1.2346036800153275
0.5	0.5	0.0	0.3	1.0	1.0	-7.639846284820512	-3.277572395289218	-10.91741868010973	-7.639846284820512	-3.277572395289218	-10.91741868010973	5.294944664988504	-3.3475774887716137	1.9473671762168907
0.5	0.5	0.1	0.3	0.0	0.0	-3.92786692469325	-3.2945810883549624	-7.222448013048212	-3.92786692469325	-3.2945810883549624	-7.222448013048212	-0.9598432364201588	-3.3988611701989737	-4.3587044066191325
0.5	0.5	0.1	0.3	0.0	0.5	-4.737087076415747	-3.4754530844066163	-8.212540160822364	-4.737087076415747	-3.4754530844066163	-8.212540160822364	0.7174519800270343	-3.122884634927183	-2.4054326549001486
0.5	0.5	0.1	0.3	0.0	1.0	-5.537342958230207	-3.5418144652150736	-9.079157423445281	-5.537342958230207	-3.5418144652150736	-9.079157423445281	2.5323784597371386	-2.684360181488418	-0.15198172175127933
0.5	0.5	0.1	0.3	0.5	0.0	-4.530162002829945	-3.0659178179263518	-7.596079820756296	-4.530162002829945	-3.0659178179263518	-7.596079820756296	1.1557639502765298	-3.212745514538075	-2.0569815642615454
0.5	0.5	0.1	0.3	0.5	0.5	-5.473372604607635	-3.3100066054961954	-8.783379210103831	-5.473372604607635	-3.3100066054961954	-8.783379210103831	2.519778648118085	-3.391446862096837	-0.8716682139787522
0.5	0.5	0.1	0.3	0.5	1.0	-6.42686885904548	-3.4861992032759206	-9.9130680623214	-6.42686885904548	-3.4861992032759206	-9.9130680623214	4.045642493000789	-3.1944967131416266	0.851145779859162
0.5	0.5	0.1	0.3	1.0	0.0	-5.177835974742864	-2.7784714833184534	-7.956307458061318	-5.177835974742864	-2.7784714833184534	-7.956307458061318	3.3011230480069864	-2.9285530671495827	0.37256998085740367
0.5	0.5	0.1	0.3	1.0	0.5	-6.252658611638479	-3.0422815408647907	-9.294940152503269	-6.252658611638479	-3.0422815408647907	-9.294940152503269	4.396882468117166	-3.229203998136974	1.167678469980192
0.5	0.5	0.1	0.3	1.0	1.0	-7.361452162393741	-3.318601149722894	-10.680053312116636	-7.361452162393741	-3.318601149722894	-10.680053312116636	5.647724019151805	-3.385705392511051	2.262018626640754
0.5	0.5	1.0	0.3	0.0	0.0	-3.3833605322923352	-3.359513902449703	-6.742874434742038	-3.3833605322923352	-3.359513902449703	-6.742874434742038	-0.01479289863614408	-3.4664909125911825	-3.4812838112273266
0.5	0.5	1.0	0.3	0.0	0.5	-4.332028695815865	-3.42457588371825	-7.756604579534114	-4.332028695815865	-3.42457588371825	-7.756604579534114	1.6478637882367206	-3.4116498099791577	-1.763786021742437
0.5	0.5	1.0	0.3	0.0	1.0	-5.206757192526272	-3.4986325971259267	-8.705389789652198	-5.206757192526272	-3.4986325971259267	-8.705389789652198	3.3658804703678507	-3.365718830689567	0.00016163967828353165
0.5	0.5	1.0	0.3	0.5	0.0	-3.874446607439391	-3.325184097756287	-7.199630705195679	-3.874446607439391	-3.325184097756287	-7.199630705195679	1.8751649722436041	-3.5405182597483367	-1.6653532875047325
0.5	0.5	1.0	0.3	0.5	0.5	-4.9666662757484685	-3.37256520784814	-8.339231483596608	-4.9666662757484685	-3.37256520784814	-8.339231483596608	3.3802312310493243	-3.46870186815316	-0.08847063710383551
0.5	0.5	1.0	0.3	0.5	1.0	-6.007968140897627	-3.432964723681129	-9.440932864578755	-6.007968140897627	-3.432964723681129	-9.440932864578755	4.9417149023742715	-3.413409546227803	1.5283053561464683
0.5	0.5	1.0	0.3	1.0	0.0	-4.4677299633483765	-3.2955419276396314	-7.763271890988008	-4.4677299633483765	-3.2955419276396314	-7.763271890988008	3.722831102876883	-3.613895791420082	0.10893531145680058
0.5	0.5	1.0	0.3	1.0	0.5	-5.691527646730705	-3.332100367049627	-9.023628013780332	-5.691527646730705	-3.332100367049627	-9.023628013780332	5.0608668043808445	-3.536683466230002	1.5241833381508423
0.5	0.5	1.0	0.3	1.0	1.0	-6.885834457388705	-3.3782441217634296	-10.264078579152134	-6.885834457388705	-3.3782441217634296	-10.264078579152134	6.450331879814821	-3.469637861766496	2.9806940180483252
0.5	1.0	0.0	0.3	0.0	0.0	-3.745159877274908	-3.2909814783279443	-7.036141355602853	-3.745159877274908	-3.2909814783279443	-7.036141355602853	-0.6646843035761849	-3.2600850386002627	-3.9247693421764476
0.5	1.0	0.0	0.3	0.0	0.5	-4.528003791350793	-3.4780359768487408	-8.006039768199534	-4.528003791350793	-3.4780359768487408	-8.006039768199534	0.8884519061848906	-3.27541687556807	-2.3869649693831794
0.5	1.0	0.0	0.3	0.0	1.0	-5.311692123424459	-3.4769940927950436	-8.788686216219503	-5.311692123424459	-3.4769940927950436	-8.788686216219503	2.67961550975745	-2.720020321980378	-0.04040481222292769
0.5	1.0	0.0	0.3	0.5	0.0	-4.403834885722509	-2.9951937220926537	-7.399028607815163	-4.403834885722509	-2.9951937220926537	-7.399028607815163	1.6080092301544249	-2.768910183269839	-1.160900953115414
0.5	1.0	0.0	0.3	0.5	0.5	-5.330994346738834	-3.2890276270093906	-8.620021973748225	-5.330994346738834	-3.2890276270093906	-8.620021973748225	2.7677143735626735	-3.2592261420125572	-0.49151176844988376
0.5	1.0	0.0	0.3	0.5	1.0	-6.270913966995382	-3.486591703474055	-9.757505670469437	-6.270913966995382	-3.486591703474055	-9.757505670469437	4.163561105071064	-3.322044606504412	0.8415164985666523
0.5	1.0	0.0	0.3	1.0	0.0	-5.05358830714424	-2.639867108045618	-7.693455415189858	-5.05358830714424	-2.639867108045618	-7.693455415189858	3.9253735204068305	-2.4465695170985122	1.4788040033083183
0.5	1.0	0.0	0.3	1.0	0.5	-6.132323770214835	-2.935629254545169	-9.067953024760005	-6.132323770214835	-2.935629254545169	-9.067953024760005	4.795035683008509	-2.8247161672584897	1.970319515750019
0.5	1.0	0.0	0.3	1.0	1.0	-7.247411222295643	-3.288362743154142	-10.535773965449785	-7.247411222295643	-3.288362743154142	-10.535773965449785	5.861448807562168	-3.257949936989602	2.6034988705725657
0.5	1.0	0.1	0.3	0.0	0.0	-3.519274002121138	-3.3199965015647703	-6.839270503685908	-3.519274002121138	-3.3199965015647703	-6.839270503685908	-0.4594168690405105	-3.38409558866088	-3.84351245770139
0.5	1.0	0.1	0.3	0.0	0.5	-4.343832726088898	-3.46219633267897	-7.8060290587678685	-4.343832726088898	-3.46219633267897	-7.8060290587678685	1.2295946963179945	-3.209741700402525	-1.9801470040845306
0.5	1.0	0.1	0.3	0.0	1.0	-5.1619266516349605	-3.47051958572351	-8.63244623735847	-5.1619266516349605	-3.47051958572351	-8.63244623735847	3.0693311807832537	-2.8092380917834587	0.260093088999795
0.5	1.0	0.1	0.3	0.5	0.0	-4.1233970510949485	-3.1088082569329365	-7.2322053080278845	-4.1233970510949485	-3.1088082569329365	-7.2322053080278845	1.638098628234557	-3.1231766573700943	-1.4850780291355372
0.5	1.0	0.1	0.3	0.5	0.5	-5.0871866111134025	-3.329744455749006	-8.416931066862409	-5.0871866111134025	-3.329744455749006	-8.416931066862409	2.9910110697858285	-3.376047275288376	-0.38503620550254736
0.5	1.0	0.1	0.3	0.5	1.0	-6.061971326440242	-3.4646743383170633	-9.526645664757305	-6.061971326440242	-3.4646743383170633	-9.526645664757305	4.51969072886407	-3.260611077492351	1.259079651371719
0.5	1.0	0.1	0.3	1.0	0.0	-4.751222296725687	-2.839057752512473	-7.59028004923816	-4.751222296725687	-2.839057752512473	-7.59028004923816	3.789601734580735	-2.836947439550496	0.9526542950302392
0.5	1.0	0.1	0.3	1.0	0.5	-5.85401605917241	-3.0848686774922434	-8.938884736664653	-5.85401605917241	-3.0848686774922434	-8.938884736664653	4.861830718245262	-3.1539303316938962	1.7079003865513656
0.5	1.0	0.1	0.3	1.0	1.0	-6.9917612233003235	-3.335330291862922	-10.327091515163247	-6.9917612233003235	-3.335330291862922	-10.327091515163247	6.098364902272305	-3.3706118572167822	2.7277530450555227
0.5	1.0	1.0	0.3	0.0	0.0	-2.9990561544736902	-3.3882061339582323	-6.387262288431923	-2.9990561544736902	-3.3882061339582323	-6.387262288431923	0.3006487690305981	-3.4631299407152834	-3.1624811716846852
0.5	1.0	1.0	0.3	0.0	0.5	-3.9525269458627363	-3.4281159059550417	-7.380642851817778	-3.9525269458627363	-3.4281159059550417	-7.380642851817778	2.036383494332737	-3.436347480071543	-1.3999639857388062
0.5	1.0	1.0	0.3	0.0	1.0	-4.843497093741979	-3.4787873551333814	-8.32228444887536	-4.843497093741979	-3.4787873551333814	-8.32228444887536	3.8007994475726354	-3.415356150935266	0.3854432966373693
0.5	1.0	1.0	0.3	0.5	0.0	-3.511917594291639	-3.3666762757054127	-6.878593869997052	-3.511917594291639	-3.3666762757054127	-6.878593869997052	2.087330835431897	-3.5073597427218246	-1.4200289072899275
0.5	1.0	1.0	0.3	0.5	0.5	-4.6081696735477955	-3.393224784392581	-8.001394457940377	-4.6081696735477955	-3.393224784392581	-8.001394457940377	3.675009805503867	-3.4615224317545277	0.21348737374933924
0.5	1.0	1.0	0.3	0.5	1.0	-5.663857500263896	-3.432135776473875	-9.095993276737772	-5.663857500263896	-3.432135776473875	-9.095993276737772	5.2948734676624465	-3.4309251098122964	1.8639483578501501
0.5	1.0	1.0	0.3	1.0	0.0	-4.107992308387565	-3.3497328806429705	-7.457725189030535	-4.107992308387565	-3.3497328806429705	-7.457725189030535	3.850044332936677	-3.5617252503618477	0.2883190825748292
0.5	1.0	1.0	0.3	1.0	0.5	-5.335827045143681	-3.3684057947355743	-8.704232839879255	-5.335827045143681	-3.3684057947355743	-8.704232839879255	5.274413778988878	-3.5044259115645664	1.7699878674243115
0.5	1.0	1.0	0.3	1.0	1.0	-6.543059383698255	-3.3952348638898764	-9.938294247588132	-6.543059383698255	-3.3952348638898764	-9.938294247588132	6.731300911076824	-3.4605856237791013	3.2707152872977225
1.0	0.0	0.0	0.3	0.0	0.0	-7.6784923172239	-2.6678948519339487	-10.346387169157849	-7.6784923172239	-2.6678948519339487	-10.346387169157849	-5.146491851053789	-2.7921197903782553	-7.938611641432045
1.0	0.0	0.0	0.3	0.0	0.5	-8.812664882053712	-2.7566426984388817	-11.569307580492593	-8.812664882053712	-2.7566426984388817	-11.569307580492593	-3.1711106728966967	-2.5737261538788307	-5.744836826775527
1.0	0.0	0.0	0.3	0.0	1.0	-10.057743204534638	-2.8559928330626523	-12.91373603759729	-10.057743204534638	-2.8559928330626523	-12.91373603759729	-1.2725359090031356	-2.3342012318362175	-3.6067371408393534
1.0	0.0	0.0	0.3	0.5	0.0	-7.651147775307214	-2.804898012047985	-10.4560457873552	-7.651147775307214	-2.804898012047985	-10.4560457873552	-2.6397351612016444	-3.410855351840927	-6.050590513042572
1.0	0.0	0.0	0.3	0.5	0.5	-8.68759946969302	-3.014325386677716	-11.701924856370734	-8.68759946969302	-3.014325386677716	-11.701924856370734	-1.0728225574866939	-3.2450918147991463	-4.31791437228584
1.0	0.0	0.0	0.3	0.5	1.0	-9.761977496969006	-3.2582007170909852	-13.020178214059992	-9.761977496969006	-3.2582007170909852	-13.020178214059992	0.561075078076017	-2.9055127886795833	-2.3444377106035663
1.0	0.0	0.0	0.3	1.0	0.0	-8.11546981360482	-2.619540449301073	-10.735010262905893	-8.11546981360482	-2.619540449301073	-10.735010262905893	-0.2661546107885848	-3.088014559576479	-3.354169170365064
1.0	0.0	0.0	0.3	1.0	0.5	-9.192940093165909	-2.8493713801043623	-12.04231147327027	-9.192940093165909	-2.8493713801043623	-12.04231147327027	0.980522030729968	-3.358234614899024	-2.377712584169056
1.0	0.0	0.0	0.3	1.0	1.0	-10.308555480206525	-3.1254412593075585	-13.433996739514084	-10.308555480206525	-3.1254412593075585	-13.433996739514084	2.344603258694941	-3.337753668881014	-0.9931504101860731
1.0	0.0	0.1	0.3	0.0	0.0	-7.523956809419165	-2.7074504913783137	-10.231407300797478	-7.523956809419165	-2.7074504913783137	-10.231407300797478	-4.782478325896157	-2.8271554297645647	-7.609633755660722
1.0	0.0	0.1	0.3	0.0	0.5	-8.724266578519257	-2.8193524175449065	-11.543618996064165	-8.724266578519257	-2.8193524175449065	-11.543618996064165	-2.8165868372838725	-2.587301626484147	-5.40388846376802
1.0	0.0	0.1	0.3	0.0	1.0	-10.019464884434733	-2.9330944635934832	-12.952559348028217	-10.019464884434733	-2.9330944635934832	-12.952559348028217	-0.8992424562013057	-2.3263665988001665	-3.225609055001472
1.0	0.0	0.1	0.3	0.5	0.0	-7.424535655792976	-2.844481671072638	-10.269017326865614	-7.424535655792976	-2.844481671072638	-10.269017326865614	-2.245289710044286	-3.3568571357210186	-5.602146845765304
1.0	0.0	0.1	0.3	0.5	0.5	-8.51467553027083	-3.061954927435731	-11.57663045770656	-8.51467553027083	-3.061954927435731	-11.57663045770656	-0.6790525984108078	-3.2149935437256927	-3.8940461421365002
1.0	0.0	0.1	0.3	0.5	1.0	-9.623056906113263	-3.2853549981147046	-12.908411904227968	-9.623056906113263	-3.2853549981147046	-12.908411904227968	0.9581625157403866	-2.923410401150142	-1.9652478854097555
1.0	0.0	0.1	0.3	1.0	0.0	-7.837445160532594	-2.67712019423024	-10.514565354762833	-7.837445160532594	-2.67712019423024	-10.514565354762833	0.09593470706646157	-3.198323018439799	-3.1023883113733373
1.0	0.0	0.1	0.3	1.0	0.5	-8.974110840823265	-2.9129667593984405	-11.887077600221705	-8.974110840823265	-2.9129667593984405	-11.887077600221705	1.3677107171951426	-3.3407189192191096	-1.973008202023967
1.0	0.0	0.1	0.3	1.0	1.0	-10.13110053228784	-3.1710358293524235	-13.302136361640263	-10.13110053228784	-3.1710358293524235	-13.302136361640263	2.7416594644443846	-3.2913088419038115	-0.5496493774594269
1.0	0.0	1.0	0.3	0.0	0.0	-7.129717190077942	-2.9332691532868025	-10.062986343364745	-7.129717190077942	-2.9332691532868025	-10.062986343364745	-3.920802232311929	-3.0202627903530637	-6.941065022664993
1.0	0.0	1.0	0.3	0.0	0.5	-8.531884066860181	-2.91916912794915	-11.451053194809331	-8.531884066860181	-2.91916912794915	-11.451053194809331	-2.0527599181321654	-3.0289561919572168	-5.081716110089382
1.0	0.0	1.0	0.3	0.0	1.0	-9.966362250503675	-2.903275822037416	-12.869638072541091	-9.966362250503675	-2.903275822037416	-12.869638072541091	-0.1970424073801622	-3.0138832414726324	-3.2109256488527946
1.0	0.0	1.0	0.3	0.5	0.0	-6.903310566224735	-3.1128801421459897	-10.016190708370726	-6.903310566224735	-3.1128801421459897	-10.016190708370726	-1.3529120957979148	-3.359669679384716	-4.712581775182631
1.0	0.0	1.0	0.3	0.5	0.5	-8.14456042960471	-3.168173079360538	-11.312733508965248	-8.14456042960471	-3.168173079360538	-11.312733508965248	0.18175642656760727	-3.2794058785387015	-3.097649451971094
1.0	0.0	1.0	0.3	0.5	1.0	-9.329182119658917	-3.2421617771097972	-12.571343896768713	-9.329182119658917	-3.2421617771097972	-12.571343896768713	1.7758462251682694	-3.2162854667448895	-1.44043924157662
1.0	0.0	1.0	0.3	1.0	0.0	-7.251632028364799	-3.123792334760853	-10.375424363125653	-7.251632028364799	-3.123792334760853	-10.375424363125653	0.8968219282811205	-3.5146068784927724	-2.617784950211652
1.0	0.0	1.0	0.3	1.0	0.5	-8.548146402779643	-3.1746264925396512	-11.722772895319295	-8.548146402779643	-3.1746264925396512	-11.722772895319295	2.202787543124273	-3.428605955280887	-1.225818412156614
1.0	0.0	1.0	0.3	1.0	1.0	-9.793822841317064	-3.2375146926248646	-13.03133753394193	-9.793822841317064	-3.2375146926248646	-13.03133753394193	3.5730201191577935	-3.3464970393680433	0.22652307978975017
1.0	0.5	0.0	0.3	0.0	0.0	-4.665114445939453	-3.363166599650606	-8.02828104559006	-4.665114445939453	-3.363166599650606	-8.02828104559006	-1.7608624649863747	-3.171855623602904	-4.9327180885892785
1.0	0.5	0.0	0.3	0.0	0.5	-5.324060218703893	-3.4644608094943488	-8.788521028198241	-5.324060218703893	-3.4644608094943488	-8.788521028198241	-0.42887468179509813	-3.282402067893278	-3.711276749688376
1.0	0.5	0.0	0.3	0.0	1.0	-5.9485012311470555	-3.425169575787732	-9.373670806934788	-5.9485012311470555	-3.425169575787732	-9.373670806934788	1.1194390468820279	-2.869123050876497	-1.749684003994469
1.0	0.5	0.0	0.3	0.5	0.0	-5.37613215071089	-3.123592814341887	-8.499724965052778	-5.37613215071089	-3.123592814341887	-8.499724965052778	0.7030456518981882	-2.8124001649303203	-2.109354513032132
1.0	0.5	0.0	0.3	0.5	0.5	-6.2021770044276625	-3.364983375513993	-9.567160379941654	-6.2021770044276625	-3.364983375513993	-9.567160379941654	1.7299521401455604	-3.1730713209295547	-1.4431191807839943
1.0	0.5	0.0	0.3	0.5	1.0	-6.987963918586378	-3.4570577431523195	-10.445021661738698	-6.987963918586378	-3.4570577431523195	-10.445021661738698	2.9460086402103696	-3.3047111881606726	-0.358702547950303
1.0	0.5	0.0	0.3	1.0	0.0	-6.114450029344948	-2.774516586349745	-8.888966615694693	-6.114450029344948	-2.774516586349745	-8.888966615694693	3.1106906250970505	-2.566618454533322	0.5440721705637284
1.0	0.5	0.0	0.3	1.0	0.5	-7.117404184973644	-3.0914191844260435	-10.208823369399688	-7.117404184973644	-3.0914191844260435	-10.208823369399688	3.9149259430404104	-2.851006320869639	1.0639196221707716
1.0	0.5	0.0	0.3	1.0	1.0	-8.083798328784534	-3.3662375462671807	-11.450035875051714	-8.083798328784534	-3.3662375462671807	-11.450035875051714	4.863848845727052	-3.1721691492122694	1.6916796965147824
1.0	0.5	0.1	0.3	0.0	0.0	-4.572052716320867	-3.370506496116056	-7.942559212436922	-4.572052716320867	-3.370506496116056	-7.942559212436922	-1.5814406505081804	-3.327163475986913	-4.908604126495094
1.0	0.5	0.1	0.3	0.0	0.5	-5.2544717559030225	-3.4554237181854024	-8.709895474088425	-5.2544717559030225	-3.4554237181854024	-8.709895474088425	-0.17192014107246756	-3.258647437077882	-3.4305675781503497
1.0	0.5	0.1	0.3	0.0	1.0	-5.894571569268667	-3.438065403061909	-9.332636972330576	-5.894571569268667	-3.438065403061909	-9.332636972330576	1.4090353175242116	-2.9220921249770466	-1.513056807452835
1.0	0.5	0.1	0.3	0.5	0.0	-5.2491896916739655	-3.1904793974631107	-8.439669089137077	-5.2491896916739655	-3.1904793974631107	-8.439669089137077	0.7696159664344151	-3.1392795487292635	-2.3696635822948484
1.0	0.5	0.1	0.3	0.5	0.5	-6.101571497793325	-3.376069521521948	-9.477641019315273	-6.101571497793325	-3.376069521521948	-9.477641019315273	1.9088733116379402	-3.3246962592500315	-1.4158229476120914
1.0	0.5	0.1	0.3	0.5	1.0	-6.907738071171884	-3.4487988483348726	-10.356536919506755	-6.907738071171884	-3.4487988483348726	-10.356536919506755	3.204717527786412	-3.2894528262011495	-0.08473529841473759
1.0	0.5	0.1	0.3	1.0	0.0	-5.968774941366661	-2.92444317993676	-8.89321812130342	-5.968774941366661	-2.92444317993676	-8.89321812130342	3.0672694681324546	-2.950096352819086	0.11717311531336838
1.0	0.5	0.1	0.3	1.0	0.5	-6.994565509221633	-3.180568609486267	-10.175134118707899	-6.994565509221633	-3.180568609486267	-10.175134118707899	3.992551892358551	-3.161354191428949	0.8311977009296019
1.0	0.5	0.1	0.3	1.0	1.0	-7.9788266561698	-3.3790655718715565	-11.357892228041356	-7.9788266561698	-3.3790655718715565	-11.357892228041356	5.043740614989041	-3.322380464700636	1.7213601502884046
1.0	0.5	1.0	0.3	0.0	0.0	-4.309756317292612	-3.3838323239050303	-7.693588641197643	-4.309756317292612	-3.3838323239050303	-7.693588641197643	-0.7708368458834713	-3.4680936298092173	-4.238930475692689
1.0	0.5	1.0	0.3	0.0	0.5	-5.07071078387052	-3.4365192971326723	-8.507230081003192	-5.07071078387052	-3.4365192971326723	-8.507230081003192	0.6610013422947048	-3.4157072705539515	-2.7547059282592468
1.0	0.5	1.0	0.3	0.0	1.0	-5.757041055619946	-3.488104580365465	-9.245145635985411	-5.757041055619946	-3.488104580365465	-9.245145635985411	2.180043093117481	-3.3718075006060033	-1.1917644074885225
1.0	0.5	1.0	0.3	0.5	0.0	-4.9219425076035925	-3.344314329332873	-8.266256836936465	-4.9219425076035925	-3.344314329332873	-8.266256836936465	1.3828120373039572	-3.522469222335328	-2.139657185031371
1.0	0.5	1.0	0.3	0.5	0.5	-5.861508136488373	-3.388922703916723	-9.250430840405096	-5.861508136488373	-3.388922703916723	-9.250430840405096	2.6532526231309705	-3.4662337140612736	-0.812981090930303
1.0	0.5	1.0	0.3	0.5	1.0	-6.7240342053615185	-3.438350317494705	-10.162384522856224	-6.7240342053615185	-3.438350317494705	-10.162384522856224	4.000412921009129	-3.416477866884547	0.5839350541245825
1.0	0.5	1.0	0.3	1.0	0.0	-5.616687596970996	-3.311065426991411	-8.927753023962406	-5.616687596970996	-3.311065426991411	-8.927753023962406	3.45180281184922	-3.570633105123284	-0.11883029327406369
1.0	0.5	1.0	0.3	1.0	0.5	-6.72305883039779	-3.347839679448431	-10.07089850984622	-6.72305883039779	-3.347839679448431	-10.07089850984622	4.567795326640108	-3.5173779806711307	1.0504173459689774
1.0	0.5	1.0	0.3	1.0	1.0	-7.75654559535073	-3.3912351583898666	-11.147780753740596	-7.75654559535073	-3.3912351583898666	-11.147780753740596	5.746049448295567	-3.465373292256296	2.280676156039271
1.0	1.0	0.0	0.3	0.0	0.0	-3.9485027237755377	-3.3779815502892543	-7.326484274064792	-3.9485027237755377	-3.3779815502892543	-7.326484274064792	-0.8679032467551298	-3.1284503971036752	-3.996353643858805
1.0	1.0	0.0	0.3	0.0	0.5	-4.626886641433526	-3.437741806004074	-8.064628447437599	-4.626886641433526	-3.437741806004074	-8.064628447437599	0.4741194042766814	-3.3232462524135773	-2.849126848136896
1.0	1.0	0.0	0.3	0.0	1.0	-5.274060438123224	-3.3579165297430986	-8.631976967866322	-5.274060438123224	-3.3579165297430986	-8.631976967866322	2.042562495931049	-3.0116533271650137	-0.9690908312339648
1.0	1.0	0.0	0.3	0.5	0.0	-4.671288439702613	-3.174239441384296	-7.845527881086909	-4.671288439702613	-3.174239441384296	-7.845527881086909	1.5591732288750704	-2.7818846737625376	-1.2227114448874672
1.0	1.0	0.0	0.3	0.5	0.5	-5.520937108479606	-3.377837219642516	-8.898774328122123	-5.520937108479606	-3.377837219642516	-8.898774328122123	2.5791546119731144	-3.131929836546355	-0.5527752245732405
1.0	1.0	0.0	0.3	0.5	1.0	-6.33390944028856	-3.426375805756158	-9.760285246044717	-6.33390944028856	-3.426375805756158	-9.760285246044717	3.793341477966475	-3.32899391593661	0.46434756202986494
1.0	1.0	0.0	0.3	1.0	0.0	-5.396579427930759	-2.8570958865738576	-8.253675314504617	-5.396579427930759	-2.8570958865738576	-8.253675314504617	3.955036038204707	-2.5594906059846387	1.3955454322200684
1.0	1.0	0.0	0.3	1.0	0.5	-6.427642979601716	-3.1413528849544785	-9.568995864556195	-6.427642979601716	-3.1413528849544785	-9.568995864556195	4.746573823036799	-2.8195609684897565	1.9270128545470429
1.0	1.0	0.0	0.3	1.0	1.0	-7.428815423198015	-3.3778750051333737	-10.806690428331388	-7.428815423198015	-3.3778750051333737	-10.806690428331388	5.682167154211549	-3.133148345508854	2.5490188087026953
1.0	1.0	0.1	0.3	0.0	0.0	-3.8710460816899523	-3.384741634152926	-7.255787715842878	-3.8710460816899523	-3.384741634152926	-7.255787715842878	-0.7845495088029544	-3.311971741592617	-4.096521250395571
1.0	1.0	0.1	0.3	0.0	0.5	-4.568284932091977	-3.4349756977289667	-8.003260629820943	-4.568284932091977	-3.4349756977289667	-8.003260629820943	0.6589659936964569	-3.312999938170526	-2.6540339444740693
1.0	1.0	0.1	0.3	0.0	1.0	-5.228171255016592	-3.3863631294844683	-8.614534384501061	-5.228171255016592	-3.3863631294844683	-8.614534384501061	2.272776063970885	-3.045049363021183	-0.7722732990502981
1.0	1.0	0.1	0.3	0.5	0.0	-4.567053106796343	-3.2351060259417914	-7.802159132738135	-4.567053106796343	-3.2351060259417914	-7.802159132738135	1.5072763913863354	-3.1041123201465286	-1.5968359287601932
1.0	1.0	0.1	0.3	0.5	0.5	-5.437728805405543	-3.3869221437479844	-8.824650949153527	-5.437728805405543	-3.3869221437479844	-8.824650949153527	2.6630406383949814	-3.312154772565166	-0.6491141341701847
1.0	1.0	0.1	0.3	0.5	1.0	-6.267228066397292	-3.4267093208984876	-9.69393738729578	-6.267228066397292	-3.4267093208984876	-9.69393738729578	3.9779517756254488	-3.329281786518386	0.6486699891070629
1.0	1.0	0.1	0.3	1.0	0.0	-5.280332930642803	-2.9993070583682884	-8.279639989011091	-5.280332930642803	-2.9993070583682884	-8.279639989011091	3.778950407868741	-2.917369740846256	0.8615806670224848
1.0	1.0	0.1	0.3	1.0	0.5	-6.328578889753859	-3.223302795674539	-9.551881685428398	-6.328578889753859	-3.223302795674539	-9.551881685428398	4.709418093810752	-3.1312442168537893	1.578173876956963
1.0	1.0	0.1	0.3	1.0	1.0	-7.341783279299392	-3.388161189260197	-10.729944468559589	-7.341783279299392	-3.388161189260197	-10.729944468559589	5.767832838822626	-3.3116153867467157	2.45621745207591
1.0	1.0	1.0	0.3	0.0	0.0	-3.646664601527493	-3.397692581555557	-7.044357183083051	-3.646664601527493	-3.397692581555557	-7.044357183083051	-0.19458063505747747	-3.457754350631561	-3.6523349856890386
1.0	1.0	1.0	0.3	0.0	0.5	-4.412097469171433	-3.433215722179391	-7.845313191350824	-4.412097469171433	-3.433215722179391	-7.845313191350824	1.3317226089853005	-3.4262345721496805	-2.09451196316438
1.0	1.0	1.0	0.3	0.0	1.0	-5.11484334863664	-3.4713386489985862	-8.586181997635226	-5.11484334863664	-3.4713386489985862	-8.586181997635226	2.917851968500898	-3.4026396842205853	-0.4847877157196874
1.0	1.0	1.0	0.3	0.5	0.0	-4.289694581634486	-3.370880162197669	-7.660574743832155	-4.289694581634486	-3.370880162197669	-7.660574743832155	1.8363315001698708	-3.494855284972717	-1.658523784802846
1.0	1.0	1.0	0.3	0.5	0.5	-5.233486232750394	-3.3989254562329236	-8.632411688983318	-5.233486232750394	-3.3989254562329236	-8.632411688983318	3.200739238525881	-3.455002414900952	-0.25426317637507134
1.0	1.0	1.0	0.3	0.5	1.0	-6.112775718276104	-3.4334274245674767	-9.54620314284358	-6.112775718276104	-3.4334274245674767	-9.54620314284358	4.6217409649863574	-3.4234449383220134	1.198296026664344
1.0	1.0	1.0	0.3	1.0	0.0	-4.99153628851354	-3.3501562172448516	-8.341692505758392	-4.99153628851354	-3.3501562172448516	-8.341692505758392	3.8126158451013414	-3.532953911709224	0.2796619333921173
1.0	1.0	1.0	0.3	1.0	0.5	-6.102208907708211	-3.3714133308381964	-9.473622238546408	-6.102208907708211	-3.3714133308381964	-9.473622238546408	5.017988642534951	-3.4909273713233655	1.5270612712115859
1.0	1.0	1.0	0.3	1.0	1.0	-7.1521305717072625	-3.399440739712575	-10.551571311419838	-7.1521305717072625	-3.399440739712575	-10.551571311419838	6.272360800384304	-3.4536750708334494	2.8186857295508543
