d_val	e_val	j_val	lambda_val	mu_val1	mu_val2	Julia_sum_lq_nFv5	rootstates_lnL_nFv5	Julia_total_lnLs1_nFv5	Julia_sum_lq_nFv6	rootstates_lnL_nFv6	Julia_total_lnLs1_nFv6	Julia_sum_lq_GFv6	rootstates_lnL_GFv6	Julia_total_lnLs1_GFv6
0.0	6.94780363805094e-310	6.94780361267573e-310	6.9478035980814e-310	6.947803325554e-310	6.94780360305923e-310	6.94780361696817e-310	6.9478036960404e-310	6.9478036257396e-310	6.9478036191128e-310	6.94780365481597e-310	6.9478036042102e-310	6.94780361301564e-310	6.94780361906933e-310	6.94780368152555e-310
6.94780368576725e-310	6.94780363805647e-310	6.94780366991185e-310	6.9478035981099e-310	6.9478036630285e-310	6.9478036137437e-310	6.94780368352237e-310	6.9478036960594e-310	6.9478036257554e-310	6.94780361912387e-310	6.9478036548207e-310	6.9478036042703e-310	6.94780318221174e-310	6.94780361907724e-310	6.94780318148843e-310
0.0	6.9478036380612e-310	6.94780369334123e-310	6.9478035981162e-310	6.9478033255303e-310	6.94780361384725e-310	6.94780368383857e-310	6.9478036960266e-310	6.94780362578546e-310	6.94780366241035e-310	6.94780365482545e-310	6.94780360428214e-310	6.9478036958922e-310	6.94780361908356e-310	6.9478036815398e-310
6.94780332584083e-310	6.947803638077e-310	6.9478033209347e-310	6.94780359814466e-310	6.94780366261667e-310	6.94780361386623e-310	6.94780368384647e-310	6.94780369612065e-310	6.94780362579495e-310	6.9478036191784e-310	6.9478033347958e-310	6.9478036042877e-310	6.9478032889133e-310	6.9478036682846e-310	6.9478036815461e-310
6.9478033204671e-310	6.94780363808256e-310	6.947803328901e-310	6.947803598151e-310	6.947803662657e-310	6.94780332944805e-310	6.94780368390655e-310	6.9478036961262e-310	6.9478036257989e-310	6.94780361918395e-310	6.94780333480846e-310	6.947803604294e-310	6.9478032882256e-310	6.9478036984981e-310	6.94780365898746e-310
6.94780365535904e-310	6.9478036380873e-310	6.94780332890655e-310	6.94780359817707e-310	6.94780366266173e-310	6.9478036139247e-310	6.9478036839129e-310	6.9478036961325e-310	6.9478036258052e-310	6.9478036945942e-310	6.94780361209075e-310	6.94780360429953e-310	6.94780332809233e-310	6.9478036067414e-310	6.94780332893185e-310
6.9478036875144e-310	6.9478036823552e-310	6.94780332892e-310	6.94780359818735e-310	6.94780366266805e-310	6.94780361393263e-310	6.9478036839192e-310	6.9478036961396e-310	6.9478036258155e-310	6.94780331478655e-310	6.9478036120971e-310	6.9478036043177e-310	6.9478031821999e-310	6.94780367353987e-310	6.94780361990015e-310
6.9478033268457e-310	6.94780318128685e-310	6.94780332898244e-310	6.94780359819763e-310	6.94780367236123e-310	6.9478033332733e-310	6.9478036839366e-310	6.94780369614594e-310	6.9478036258234e-310	6.9478036550697e-310	6.94780329910767e-310	6.94780360432483e-310	6.94780361302197e-310	6.94780363478536e-310	6.9478036589938e-310
6.9478033270647e-310	6.94780318028054e-310	6.94780332898956e-310	6.94780359822055e-310	6.9478036734869e-310	6.94780333327963e-310	6.94780368397414e-310	6.947803332731e-310	6.9478036258305e-310	6.9478036191903e-310	6.9478036121042e-310	6.94780360433115e-310	6.94780330642696e-310	6.94780364557496e-310	6.9478036057691e-310
6.9478036615882e-310	6.94782629147384e-310	6.9478036969997e-310	6.9478276780347e-310	6.9478031486319e-310	6.94780333328595e-310	6.94780368400616e-310	6.9478036962321e-310	6.94780362583763e-310	6.9478036742869e-310	6.9478036121105e-310	6.9478036043841e-310	6.94780318221807e-310	6.9478036901729e-310	6.9478036057754e-310
6.947803697323e-310	6.9478031818663e-310	6.94780368691126e-310	6.94780359842766e-310	6.9478033227007e-310	6.94780333330176e-310	6.9478036840125e-310	6.9478036630965e-310	6.94780362585503e-310	6.9478033338164e-310	6.94780361211605e-310	6.947803604396e-310	6.9478036161065e-310	6.94780365639303e-310	6.94780333037847e-310
6.9478036858512e-310	6.947803181822e-310	6.9478036810718e-310	6.9478033278362e-310	6.94780362398667e-310	6.94780332938757e-310	6.9478036840196e-310	6.9478036962428e-310	6.94780362586135e-310	6.94780332006554e-310	6.94780361256743e-310	6.9478036915357e-310	6.9478036102378e-310	6.94780369018e-310	6.9478033303848e-310
6.94780329215676e-310	6.9478031816086e-310	6.94780330322067e-310	6.9478033278433e-310	6.947803621993e-310	6.9478033294196e-310	6.9478036840275e-310	6.94780362484476e-310	6.94780362587084e-310	6.947803696191e-310	6.94780361257375e-310	6.94780360442127e-310	6.94780361026785e-310	6.94780369018632e-310	6.9478033304014e-310
6.9478032921623e-310	6.94780318161333e-310	6.9478036031201e-310	6.9478036544634e-310	6.94780318007936e-310	6.9478033294259e-310	6.9478036841018e-310	6.9478036248495e-310	6.9478036258748e-310	6.94780360549794e-310	6.9478036125793e-310	6.9478036044015e-310	6.9478031822252e-310	6.9478036153105e-310	6.9478033304101e-310
6.9478035982759e-310	6.94780318161807e-310	6.9478036971649e-310	6.9478036200646e-310	6.9478033005049e-310	6.94780332943303e-310	6.94780363873235e-310	6.94780362485583e-310	6.9478036258811e-310	6.94780366620635e-310	6.9478036125856e-310	6.94780361207573e-310	6.94780367345133e-310	6.94780369019344e-310	6.94780369087406e-310
6.9478035982814e-310	6.947803181626e-310	6.94780369716965e-310	6.9478033368456e-310	6.94780368194096e-310	6.94780332944093e-310	6.9478036387387e-310	6.94780362486136e-310	6.9478036258914e-310	6.94780333553415e-310	6.9478033161723e-310	6.94780361206625e-310	6.9478036734561e-310	6.94780369615227e-310	6.94780369088276e-310
6.9478035984411e-310	6.9478031816315e-310	6.94780369717597e-310	6.9478033368527e-310	6.9478033328405e-310	6.94780332949627e-310	6.9478033307524e-310	6.9478036248661e-310	6.94780362591194e-310	6.94780333032e-310	6.94780331617863e-310	6.94780332585837e-310	6.94780367347505e-310	6.9478036961578e-310	6.9478033286607e-310
6.94780332784807e-310	6.94780318187815e-310	6.9478036971815e-310	6.9478035982933e-310	6.9478033346231e-310	6.94780369466454e-310	6.9478033307595e-310	6.9478036249246e-310	6.9478036259222e-310	6.94780318084496e-310	6.94780366310995e-310	6.9478033328488e-310	6.9478036989317e-310	6.9478036961641e-310	6.9478036199037e-310
6.94780366957074e-310	6.94780364427893e-310	6.94780369718625e-310	6.94780359830592e-310	6.94780362627597e-310	6.94780369467086e-310	6.94780333076977e-310	6.94780362494674e-310	6.9478036259309e-310	6.9478032990966e-310	6.9478036631289e-310	6.94780361213423e-310	6.9478036066505e-310	6.94780369850876e-310	6.9478033214505e-310
6.94780366532573e-310	6.947803181543e-310	6.94780369720443e-310	6.94780359833043e-310	6.94780329181487e-310	6.94780369473094e-310	6.9478033307745e-310	6.94780362495464e-310	6.94780362589613e-310	6.9478036221286e-310	6.94780361810096e-310	6.94780362499693e-310	6.9478036066568e-310	6.9478036985151e-310	6.94780332754846e-310
6.94780369178315e-310	6.94780366699133e-310	6.94780369720996e-310	6.9478035983739e-310	6.94780328704654e-310	6.94780369473805e-310	6.94780333077926e-310	6.94780332587773e-310	6.94780362593803e-310	6.94780332804095e-310	6.9478032988488e-310	6.9478036886492e-310	6.94780367970897e-310	6.947803698523e-310	6.94780362071674e-310
6.9478036250598e-310	6.9478031822307e-310	6.9478036972147e-310	6.94780359838814e-310	6.947803289056e-310	6.94780369474833e-310	6.9478033307856e-310	6.94780364560737e-310	6.947803625942e-310	6.94780366208703e-310	6.94780332810775e-310	6.9478036886741e-310	6.94780328741927e-310	6.9478036985293e-310	6.94780367308454e-310
6.94780332541173e-310	6.94780367439203e-310	6.9478276502769e-310	6.94780359777154e-310	6.94780367558135e-310	6.94780369475307e-310	6.9478033307911e-310	6.9478036993285e-310	6.94780362597755e-310	6.9478033221904e-310	6.9478036003723e-310	6.9478036886796e-310	6.9478032874256e-310	6.947803686252e-310	6.94780318170266e-310
6.94780366304354e-310	6.94780367439836e-310	6.94780365655824e-310	6.947803598381e-310	6.94780330957357e-310	6.9478036947578e-310	6.94780333079586e-310	6.9478036933594e-310	6.94780368139196e-310	6.9478036536547e-310	6.94780362551234e-310	6.94780368868437e-310	6.9478036989562e-310	6.9478036835105e-310	6.9478033226402e-310
6.94780368187733e-310	6.9478036075754e-310	6.94780329980885e-310	6.9478035984016e-310	6.94780365435076e-310	6.94780368610653e-310	6.9478036386952e-310	6.9478033265216e-310	6.9478036259649e-310	6.947801578711e-310	6.9478033202201e-310	6.94780368872547e-310	6.9478032874327e-310	6.94780329208246e-310	6.94780332264496e-310
6.9478036820607e-310	6.9478032870019e-310	6.9478036565954e-310	6.94780160633205e-310	6.9478036544136e-310	6.94780368611206e-310	6.94780333086147e-310	6.9478036999894e-310	6.94780368139907e-310	6.94780368346466e-310	6.9478036893326e-310	6.94780368626384e-310	6.94780328743903e-310	6.94780329210143e-310	6.9478033226513e-310
6.9478036458461e-310	6.9478036652032e-310	6.9478036566049e-310	6.94780359847905e-310	6.9478036024292e-310	6.9478036861168e-310	6.9478033308662e-310	6.94780369223136e-310	6.947803681403e-310	6.9478036072394e-310	6.9478036893816e-310	6.94780368646384e-310	6.94780328744456e-310	6.947803292105e-310	6.9478033226568e-310
6.94780364585164e-310	6.9478032872066e-310	6.9478036566104e-310	6.9478035984838e-310	6.9478036024355e-310	6.94780369464556e-310	6.9478033308741e-310	6.94780367541416e-310	6.9478036814402e-310	6.94780366960395e-310	6.9478036893871e-310	6.94780369398786e-310	6.94780328672283e-310	6.94780360788606e-310	6.94780332266156e-310
6.9478033240813e-310	6.94780328676157e-310	6.94780365661516e-310	6.9478035984917e-310	6.9478036024956e-310	6.94780369478627e-310	6.94780333087965e-310	6.94780367542206e-310	6.94780368144887e-310	6.9478036777098e-310	6.94780368939345e-310	6.94780332722515e-310	6.94782763674424e-310	6.9478036079177e-310	6.9478033226679e-310
6.94780369006696e-310	6.9478036075837e-310	6.9478036566215e-310	6.94780360632165e-310	6.9478036025027e-310	6.947803694791e-310	6.94780333088835e-310	6.9478036754276e-310	6.94780368146073e-310	6.9478033304607e-310	6.9478036893982e-310	6.9478036940511e-310	6.94782763675056e-310	6.94780361169945e-310	6.9478033226734e-310
6.9478036754023e-310	6.9478036075975e-310	6.947803656627e-310	6.9478036063272e-310	6.947803602513e-310	6.9478036947989e-310	6.94780333089625e-310	6.94780367543155e-310	6.9478036814726e-310	6.9478036226005e-310	6.9478036893745e-310	6.94780369399735e-310	6.94782763675846e-310	6.94780369617835e-310	6.94780332267816e-310
6.94780369258156e-310	6.94780360760226e-310	6.94780365663176e-310	6.9478036063406e-310	6.94780360251774e-310	6.94780369480446e-310	6.947803330901e-310	6.947803663189e-310	6.94780368148286e-310	6.94780362005114e-310	6.9478036894559e-310	6.94780369246693e-310	6.9478032882319e-310	6.94780329211526e-310	6.94780360579517e-310
6.94780366095345e-310	6.9478036076086e-310	6.94780365664757e-310	6.94780360634615e-310	6.9478036025225e-310	6.94780369481315e-310	6.94780333091523e-310	6.94780332272717e-310	6.94780368149314e-310	6.9478036944756e-310	6.947803689463e-310	6.94780369247167e-310	6.94780361975233e-310	6.9478033310156e-310	6.9478033303935e-310
6.94782763670945e-310	6.9478036076141e-310	6.9478036566531e-310	6.94780360635643e-310	6.9478036025288e-310	6.94780369482106e-310	6.94780333091997e-310	6.94780362507954e-310	6.94780368150184e-310	6.94780318159594e-310	6.94780368946934e-310	6.9478036924796e-310	6.94780330089303e-310	6.94780328696394e-310	6.94780369086616e-310
6.947803319479e-310	6.94780360761886e-310	6.94780365665784e-310	6.94780360636117e-310	6.94780360253434e-310	6.9478036948258e-310	6.94780333092945e-310	6.94780362538626e-310	6.94780368142753e-310	6.9478036246677e-310	6.94780368947566e-310	6.9478036206448e-310	6.9478032875995e-310	6.94780328698844e-310	6.94780369089383e-310
6.94780331771933e-310	6.94780360763467e-310	6.947803321628e-310	6.9478036063675e-310	6.9478036025391e-310	6.94780369484003e-310	6.9478033309334e-310	6.94780362540523e-310	6.94780368150895e-310	6.94780331492963e-310	6.947801622554e-310	6.9478033244714e-310	6.947803287607e-310	6.94780328699477e-310	6.94780369089857e-310
6.94780331263954e-310	6.9478036076402e-310	6.94780328735366e-310	6.94780360637303e-310	6.94780332860063e-310	6.94780369484477e-310	6.94780333095633e-310	6.947803622142e-310	6.9478036815129e-310	6.9478033282955e-310	6.9478276798837e-310	6.9478032884489e-310	6.9478036455038e-310	6.9478036078987e-310	6.9478036667336e-310
6.9478033062657e-310	6.94780360764495e-310	6.9478036992716e-310	6.94780360637777e-310	6.9478036026047e-310	6.94780369485426e-310	6.9478036387434e-310	6.94780362546373e-310	6.9478036053533e-310	6.94780366990434e-310	6.94780361991043e-310	6.94780329959344e-310	6.94780364551014e-310	6.94780360790503e-310	6.94780366673836e-310
6.9478033034183e-310	6.94780367446e-310	6.9478032996365e-310	6.94780162773735e-310	6.94780360260943e-310	6.9478036948582e-310	6.94780368385675e-310	6.94780362547163e-310	6.9478036053588e-310	6.9478033249817e-310	6.94780364481647e-310	6.94780369349736e-310	6.9478036455149e-310	6.94780361170736e-310	6.9478036667431e-310
6.94780329475674e-310	6.9478036744774e-310	6.9478032884564e-310	6.94780368450417e-310	6.94780360261734e-310	6.94780369488113e-310	6.94780333096977e-310	6.9478036255317e-310	6.94780360536513e-310	6.9478036855753e-310	6.9478036926962e-310	6.94780369350526e-310	6.9478036455212e-310	6.9478036117224e-310	6.9478033094475e-310
6.94780328902557e-310	6.9478036344842e-310	6.94780330049975e-310	6.9478036845279e-310	6.94780360262287e-310	6.9478033332235e-310	6.9478033309769e-310	6.94780362553803e-310	6.94780360538094e-310	6.9478031667376e-310	6.9478033229734e-310	6.9478036935432e-310	6.94780359823004e-310	6.94780161016205e-310	6.94780330946013e-310
6.94780328841847e-310	6.9478036855935e-310	6.94780328849356e-310	6.9478036845089e-310	6.9478035979518e-310	6.94780368354134e-310	6.947803330984e-310	6.94780362554436e-310	6.94780360539596e-310	6.94780363449366e-310	6.94780368962665e-310	6.9478033266394e-310	6.94780359823715e-310	6.9478036079086e-310	6.9478036169152e-310
6.9478032871995e-310	6.9478036855832e-310	6.9478032972674e-310	6.94780368451366e-310	6.9478035979597e-310	6.94780369489457e-310	6.94780333090653e-310	6.94780362556175e-310	6.9478036054023e-310	6.9478036067485e-310	6.9478036896045e-310	6.94780369356573e-310	6.94780359824347e-310	6.94780360090036e-310	6.94780361692153e-310
6.94780318182835e-310	6.94780363828176e-310	6.9478032972721e-310	6.947803684535e-310	6.94780359796443e-310	6.9478036949017e-310	6.947803331033e-310	6.9478036255993e-310	6.94780369586136e-310	6.9478036744695e-310	6.94780369330724e-310	6.94780369357206e-310	6.9478016205335e-310	6.9478263383733e-310	6.9478036667605e-310
6.94780332467577e-310	6.9478036382383e-310	6.94780329728003e-310	6.9478036845184e-310	6.94780359797866e-310	6.9478036949088e-310	6.94780333103854e-310	6.9478036256313e-310	6.94780333399187e-310	6.94780369465584e-310	6.94780366434155e-310	6.9478036935942e-310	6.9478036962068e-310	6.94780333745033e-310	6.94780361692864e-310
6.94780332077305e-310	6.9478036649945e-310	6.94780329728556e-310	6.94780368454054e-310	6.94780359799447e-310	6.94780369483133e-310	6.9478033310433e-310	6.94780362563764e-310	6.94780333400215e-310	6.94780367437306e-310	6.94780330118156e-310	6.94780369360447e-310	6.94780333459266e-310	6.94780333765507e-310	6.94780361693734e-310
6.94780332076277e-310	6.9478036651036e-310	6.9478032972895e-310	6.9478032888584e-310	6.9478276589432e-310	6.9478033257129e-310	6.9478033310678e-310	6.94780362564475e-310	6.9478036644356e-310	6.9478036200709e-310	6.94780332449356e-310	6.94780369368273e-310	6.94780329230064e-310	6.9478033376622e-310	6.94780361694287e-310
6.9478036011897e-310	6.94780369437916e-310	6.94780363926e-310	6.9478032886643e-310	6.94780359799763e-310	6.94780332571845e-310	6.94780333107254e-310	6.9478036630641e-310	6.9478036735644e-310	6.94780330094086e-310	6.94780368968673e-310	6.9478036034956e-310	6.94780361213897e-310	6.9478033376685e-310	6.9478036169492e-310
6.9478033267216e-310	6.947803689346e-310	6.94780329913613e-310	6.94780360289085e-310	6.9478276589669e-310	6.9478033257232e-310	6.9478033310773e-310	6.9478036631384e-310	6.94780361274055e-310	6.9478033102459e-310	6.94780368969305e-310	6.9478036225539e-310	6.94780330916606e-310	6.9478036646799e-310	6.94780360166557e-310
6.9478036985799e-310	6.94780369508588e-310	6.9478263022982e-310	6.94780328970066e-310	6.94782765897166e-310	6.9478036681344e-310	6.9478033310836e-310	6.9478036003802e-310	6.94780366444116e-310	6.94780361920925e-310	6.9478036897152e-310	6.9478036940693e-310	6.94780361212395e-310	6.947803337444e-310	6.9478036016711e-310
6.94780369858465e-310	6.94780366609924e-310	6.94780328826036e-310	6.9478032890635e-310	6.94780159176937e-310	6.94780366813914e-310	6.94780333108914e-310	6.94780360038653e-310	6.94780332908837e-310	6.94780361921795e-310	6.94780368972546e-310	6.9478036067762e-310	6.9478036121864e-310	6.94780369333333e-310	6.94780360167743e-310
6.94780369859256e-310	6.94780368559705e-310	6.9478033147478e-310	6.94780328906826e-310	6.947827658978e-310	6.9478036681439e-310	6.94780333109546e-310	6.94780360032567e-310	6.9478036645044e-310	6.9478036192235e-310	6.94780332369317e-310	6.9478033064333e-310	6.94780363810785e-310	6.94780369616887e-310	6.9478036590104e-310
6.9478036985981e-310	6.9478033040586e-310	6.94780331475414e-310	6.947803289073e-310	6.9478276589851e-310	6.9478036681502e-310	6.94782766969723e-310	6.947803600313e-310	6.94780366450993e-310	6.94780360565446e-310	6.9478033238758e-310	6.94780361664406e-310	6.9478036381134e-310	6.9478036674759e-310	6.9478036590167e-310
6.94780369862655e-310	6.9478036976716e-310	6.94780331478023e-310	6.9478032890809e-310	6.9478276589922e-310	6.94780366815574e-310	6.9478036663787e-310	6.94780360043317e-310	6.94780368157614e-310	6.9478036056584e-310	6.9478036544057e-310	6.94782630680805e-310	6.9478036381197e-310	6.94780367419915e-310	6.9478036590246e-310
6.9478036986321e-310	6.9478032973061e-310	6.9478032885821e-310	6.94780328908644e-310	6.94780359796996e-310	6.94780366816206e-310	6.9478036696822e-310	6.94780360031776e-310	6.94780368158247e-310	6.9478036623732e-310	6.9478036543393e-310	6.947803698938e-310	6.94780363812524e-310	6.9478036724956e-310	6.94780367306873e-310
6.9478036986368e-310	6.94780366185067e-310	6.9478036701636e-310	6.9478032890904e-310	6.94780361260537e-310	6.94780162021095e-310	6.94780367960225e-310	6.9478036004379e-310	6.9478036816054e-310	6.94780366238742e-310	6.94780367254146e-310	6.9478036687336e-310	6.94780363814343e-310	6.94780367251854e-310	6.94780361876657e-310
6.94780369865896e-310	6.9478036856528e-310	6.9478032890327e-310	6.9478032889465e-310	6.9478036126109e-310	6.9478036682933e-310	6.9478036796647e-310	6.94780360044424e-310	6.9478036816133e-310	6.94780366239217e-310	6.94780369654357e-310	6.94780328672916e-310	6.94780363815054e-310	6.94780367252723e-310	6.9478036815299e-310
6.94780369866923e-310	6.9478036382462e-310	6.94780328800266e-310	6.9478033280022e-310	6.9478036697565e-310	6.9478036243823e-310	6.94780367469203e-310	6.94780360044977e-310	6.94780318064733e-310	6.94780366240165e-310	6.94780369353886e-310	6.94780366873913e-310	6.94780363815686e-310	6.94780367256043e-310	6.94780367304936e-310
6.94780369874117e-310	6.9478033137818e-310	6.9478033147909e-310	6.94780332800854e-310	6.94780366976126e-310	6.9478036686324e-310	6.9478036195029e-310	6.9478036004545e-310	6.94780368162595e-310	6.9478036624056e-310	6.9478036888227e-310	6.94780328673627e-310	6.94780363820825e-310	6.94780333745665e-310	6.94780367396674e-310
6.94780369873485e-310	6.9478036382525e-310	6.94780331480157e-310	6.94780332803463e-310	6.947803669766e-310	6.94780366869486e-310	6.94780361828515e-310	6.94780360035887e-310	6.9478015916342e-310	6.94780360025057e-310	6.9478036965471e-310	6.9478032867489e-310	6.9478036886401e-310	6.94780367258257e-310	6.94780360088574e-310
6.947803301178e-310	6.94780360551217e-310	6.9478033148063e-310	6.94780328955916e-310	6.9478036697723e-310	6.9478032995974e-310	6.9478036197373e-310	6.94780360052013e-310	6.94780368167654e-310	6.9478036002561e-310	6.9478033138087e-310	6.9478036989451e-310	6.94780361829543e-310	6.9478276367047e-310	6.94780317238695e-310
6.9478036987902e-310	6.94780365881513e-310	6.94780331481264e-310	6.94780330141437e-310	6.94780366977786e-310	6.94780362437164e-310	6.9478036195278e-310	6.94780360052487e-310	6.94780330128947e-310	6.94780368246546e-310	6.94780361287414e-310	6.94780369895144e-310	6.947803688663e-310	6.94782763672447e-310	6.9478036439054e-310
6.9478036987957e-310	6.94780366507435e-310	6.94780331481817e-310	6.94780328939316e-310	6.9478036697842e-310	6.9478033165557e-310	6.94780361953336e-310	6.94780360072013e-310	6.94780368174215e-310	6.947803682471e-310	6.94780360184106e-310	6.9478033311413e-310	6.94780368864563e-310	6.94780366608304e-310	6.94780364395443e-310
6.94780369880046e-310	6.9478036382865e-310	6.9478033148229e-310	6.94780328918447e-310	6.94780367545843e-310	6.94780367853665e-310	6.9478036195381e-310	6.9478036005296e-310	6.9478036817477e-310	6.94780328752045e-310	6.94780369955855e-310	6.9478036639724e-310	6.94780332521173e-310	6.94780360517146e-310	6.94780364395996e-310
6.94780369882496e-310	6.94780366678026e-310	6.9478033148411e-310	6.9478033280453e-310	6.94780367809397e-310	6.9478036243989e-310	6.94780361957683e-310	6.94780360072724e-310	6.94780368175243e-310	6.94780360020037e-310	6.9478036995649e-310	6.9478033311674e-310	6.9478033252244e-310	6.94780366604667e-310	6.9478036439663e-310
6.9478036988368e-310	6.9478036244179e-310	6.94780331484663e-310	6.94780359828853e-310	6.94780331028225e-310	6.94780362440445e-310	6.94780368428125e-310	6.94780360073515e-310	6.94780368176587e-310	6.94780360024187e-310	6.9478276578507e-310	6.94780333114763e-310	6.9478036920029e-310	6.94780331749403e-310	6.94780364397103e-310
6.9478036988487e-310	6.94780329794484e-310	6.94780331485137e-310	6.94780332828917e-310	6.94780361262197e-310	6.9478036244092e-310	6.9478036797216e-310	6.9478036007399e-310	6.94780329573143e-310	6.94780368222436e-310	6.947803699572e-310	6.94780361214925e-310	6.94780369201713e-310	6.9478036646641e-310	6.9478036439473e-310
6.94780369885263e-310	6.9478036550871e-310	6.94780331492015e-310	6.9478033280544e-310	6.94780362035864e-310	6.94780362444793e-310	6.94780366214237e-310	6.9478036007541e-310	6.9478036454572e-310	6.94780368223463e-310	6.94780360418175e-310	6.94780361215557e-310	6.9478036920219e-310	6.9478036646878e-310	6.94780364402874e-310
6.94780318093903e-310	6.9478036947689e-310	6.94780331493754e-310	6.94780332805913e-310	6.9478033103273e-310	6.9478036788418e-310	6.94780360862834e-310	6.94780360075886e-310	6.9478036454627e-310	6.9478036822465e-310	6.94780331379526e-310	6.94780330578586e-310	6.94780369203136e-310	6.9478036646941e-310	6.94780364403585e-310
6.94780318094535e-310	6.94780329943573e-310	6.9478033150909e-310	6.94780332806546e-310	6.94780360339796e-310	6.94780362445267e-310	6.9478036086331e-310	6.94780360076835e-310	6.94780368161804e-310	6.94780368225677e-310	6.94780360418886e-310	6.9478033057922e-310	6.9478036920353e-310	6.94780333168913e-310	6.94780364404217e-310
6.9478031809509e-310	6.9478033308441e-310	6.9478036246005e-310	6.947803328071e-310	6.94780361996537e-310	6.94780364473466e-310	6.9478036633795e-310	6.9478036007723e-310	6.9478036036039e-310	6.94780368226705e-310	6.9478036041952e-310	6.94780330581116e-310	6.94780360508925e-310	6.9478036922179e-310	6.9478036440485e-310
6.9478031809572e-310	6.9478033308512e-310	6.9478036245902e-310	6.94780332807573e-310	6.9478033122174e-310	6.94780367905364e-310	6.94780367372406e-310	6.94780360079523e-310	6.94780367027667e-310	6.9478036002664e-310	6.9478033053661e-310	6.94780359833755e-310	6.94780365382705e-310	6.9478032945433e-310	6.94780366314473e-310
6.94780318096275e-310	6.9478036793074e-310	6.9478276725383e-310	6.94780332811447e-310	6.9478036347735e-310	6.9478036199863e-310	6.9478033374013e-310	6.9478036254819e-310	6.94780318092796e-310	6.9478036822726e-310	6.9478036042023e-310	6.9478035983565e-310	6.9478036636364e-310	6.9478033374179e-310	6.94780363726755e-310
6.94780318096907e-310	6.94780360136123e-310	6.9478036384936e-310	6.9478033285943e-310	6.94780361999264e-310	6.9478033236647e-310	6.94780368935867e-310	6.94780314536867e-310	6.9478036454785e-310	6.9478036822789e-310	6.94780330535504e-310	6.9478035983652e-310	6.94780369176417e-310	6.9478036118441e-310	6.947803683486e-310
6.9478031809746e-310	6.9478036951325e-310	6.94780363845014e-310	6.94780359762767e-310	6.94780361999817e-310	6.9478036687518e-310	6.94780359802767e-310	6.94780360080866e-310	6.94780364548406e-310	6.94780368228444e-310	6.94780330536136e-310	6.94780366905375e-310	6.94780369702024e-310	6.9478036735272e-310	6.9478036819647e-310
6.94780318098093e-310	6.94780364451885e-310	6.94780363851733e-310	6.9478035983929e-310	6.9478036200029e-310	6.94780367912163e-310	6.94780365820684e-310	6.9478036008158e-310	6.9478036454904e-310	6.9478036822892e-310	6.94780330000964e-310	6.94780333117095e-310	6.9478032877572e-310	6.94780333102353e-310	6.94780332111217e-310
6.9478031805683e-310	6.9478036126876e-310	6.9478036386288e-310	6.94780368699585e-310	6.94780362004165e-310	6.947803634549e-310	6.9478036842947e-310	6.9478036008229e-310	6.94780368180776e-310	6.9478036915187e-310	6.94780330001597e-310	6.9478036913476e-310	6.94780364391727e-310	6.94780369016024e-310	6.94780360294817e-310
6.94780318058054e-310	6.94780365942145e-310	6.9478036003636e-310	6.947803328618e-310	6.94780363507864e-310	6.9478033181644e-310	6.9478036843002e-310	6.9478036007454e-310	6.94780367156203e-310	6.9478036193199e-310	6.9478036158757e-310	6.9478036042442e-310	6.9478036439236e-310	6.94780361225834e-310	6.94780364422557e-310
6.94780318087184e-310	6.94780361728516e-310	6.94780360867893e-310	6.94780332867573e-310	6.9478036198646e-310	6.9478033207355e-310	6.94780368430655e-310	6.9478036008719e-310	6.947803698674e-310	6.94780361916893e-310	6.9478033000223e-310	6.9478036913721e-310	6.94780365392823e-310	6.94780366825297e-310	6.94780364420344e-310
6.94780318061413e-310	6.94780328718607e-310	6.94780328867064e-310	6.94780369090964e-310	6.9478033059653e-310	6.94780367885523e-310	6.94780369486453e-310	6.94780360087744e-310	6.94780364546904e-310	6.94780368585673e-310	6.9478033316591e-310	6.9478036569954e-310	6.94780364393625e-310	6.9478036682601e-310	6.94780331759047e-310
6.94780318062204e-310	6.9478032871924e-310	6.94780329171487e-310	6.947803598049e-310	6.94780367458097e-310	6.94780367886076e-310	6.94780367359995e-310	6.9478036008822e-310	6.9478036455299e-310	6.9478036193389e-310	6.9478033316733e-310	6.94780332486233e-310	6.9478032888303e-310	6.94780366827273e-310	6.9478036917887e-310
6.94780318062915e-310	6.9478036098544e-310	6.9478032888663e-310	6.9478036664269e-310	6.9478036949847e-310	6.9478036788671e-310	6.9478036736126e-310	6.9478036009067e-310	6.94780367822994e-310	6.947803619346e-310	6.9478036084311e-310	6.9478036702174e-310	6.94780328883664e-310	6.94780363541856e-310	6.94780159817523e-310
6.94780369871904e-310	6.94780368775947e-310	6.94780362460405e-310	6.94780362427164e-310	6.9478036127129e-310	6.94780367375884e-310	6.9478036737304e-310	6.94780360091143e-310	6.94780367826e-310	6.9478036823623e-310	6.947803308057e-310	6.9478032874493e-310	6.9478032888422e-310	6.9478036354249e-310	6.94780330915934e-310
6.9478036988724e-310	6.94780368776975e-310	6.9478033063898e-310	6.9478033125755e-310	6.94780361270023e-310	6.94780367912953e-310	6.94780365362626e-310	6.94780360091617e-310	6.9478036782655e-310	6.94780368245677e-310	6.9478033080633e-310	6.94780332486944e-310	6.9478032888485e-310	6.9478036354312e-310	6.94780364428565e-310
6.94780369887793e-310	6.94780368220143e-310	6.94780367415646e-310	6.9478036993111e-310	6.9478036746616e-310	6.9478036791422e-310	6.9478036536326e-310	6.9478036009225e-310	6.94780367827183e-310	6.94780368248285e-310	6.94780330806963e-310	6.94780368743853e-310	6.9478032888548e-310	6.94780360672797e-310	6.94780364429197e-310
6.94780369888267e-310	6.94780367053753e-310	6.94780332500225e-310	6.947803672996e-310	6.94780333386223e-310	6.94780367925996e-310	6.9478036536389e-310	6.94780360092803e-310	6.94780367828764e-310	6.94780368249313e-310	6.94780360841886e-310	6.947803324875e-310	6.94780368785987e-310	6.9478036122354e-310	6.9478036443141e-310
6.9478036989048e-310	6.94780365509146e-310	6.94780368124888e-310	6.94780367824417e-310	6.9478036241673e-310	6.9478036792655e-310	6.94780365364523e-310	6.94780360093435e-310	6.9478036783145e-310	6.94780368250815e-310	6.94780333168083e-310	6.9478033248813e-310	6.94780368786777e-310	6.94780363543753e-310	6.9478036443244e-310
6.9478036989151e-310	6.9478036256748e-310	6.9478033089305e-310	6.94780366752096e-310	6.94780362347284e-310	6.9478036792718e-310	6.9478036536642e-310	6.9478036200116e-310	6.9478036783248e-310	6.94780368251526e-310	6.94780365564125e-310	6.94780332488683e-310	6.9478036878741e-310	6.9478036588839e-310	6.94780331903314e-310
6.94780369897437e-310	6.94780366120246e-310	6.94780363845805e-310	6.9478036199381e-310	6.9478036350921e-310	6.94780366958814e-310	6.94780366554865e-310	6.9478036010656e-310	6.9478036782244e-310	6.94780361925747e-310	6.9478036556555e-310	6.9478033248916e-310	6.9478036878804e-310	6.94780369362186e-310	6.9478033192181e-310
6.94780365504205e-310	6.94780364590223e-310	6.94780369886054e-310	6.94780361995074e-310	6.9478036350976e-310	6.94780366959446e-310	6.9478036655597e-310	6.94780330398193e-310	6.9478036783817e-310	6.94780360550743e-310	6.9478036198037e-310	6.9478036121682e-310	6.94780366606564e-310	6.94780360084187e-310	6.94780366884427e-310
6.94780318072955e-310	6.9478036612151e-310	6.94780363846437e-310	6.9478036987064e-310	6.94780363510393e-310	6.94780366961343e-310	6.9478032921694e-310	6.94780369126536e-310	6.94780367838725e-310	6.9478036709715e-310	6.94780361981003e-310	6.94780330580325e-310	6.94780366160324e-310	6.94780366340876e-310	6.94780368165915e-310
6.94780318073745e-310	6.94780369174994e-310	6.94780332897375e-310	6.9478036374786e-310	6.9478036202559e-310	6.9478036696759e-310	6.9478036827706e-310	6.9478036913278e-310	6.94780367839357e-310	6.94780361936814e-310	6.94780318074773e-310	6.9478035983486e-310	6.9478033204205e-310	6.9478033249722e-310	6.94780368166547e-310
6.94780365545035e-310	6.9478036917555e-310	6.94780361250893e-310	6.9478033031353e-310	6.94780367465685e-310	6.9478036696893e-310	6.9478036818283e-310	6.94780369367127e-310	6.94780367840306e-310	6.94780332904173e-310	6.94780318075405e-310	6.9478031822394e-310	6.94780367966945e-310	6.9478036122453e-310	6.9478033245058e-310
6.94780365549817e-310	6.9478036866314e-310	6.94780363859955e-310	6.9478033031416e-310	6.9478036746695e-310	6.9478033048088e-310	6.94780361789503e-310	6.94780369151477e-310	6.9478036784339e-310	6.94780332906465e-310	6.94780318076196e-310	6.94780318224415e-310	6.94780360468135e-310	6.9478036862567e-310	6.94780332451214e-310
6.9478036555029e-310	6.94780330006023e-310	6.94780363849836e-310	6.9478036240914e-310	6.94780361982426e-310	6.9478036785841e-310	6.94780369331396e-310	6.94780362210487e-310	6.9478036784584e-310	6.94780368573183e-310	6.9478033179043e-310	6.94780318225996e-310	6.94780367965443e-310	6.9478035977597e-310	6.9478036588744e-310
6.9478036555108e-310	6.94780360309164e-310	6.94780367937143e-310	6.9478036940266e-310	6.9478036198298e-310	6.94780365985228e-310	6.9478036658949e-310	6.9478033347792e-310	6.9478036785066e-310	6.94780368582274e-310	6.9478015793537e-310	6.9478031822647e-310	6.9478036797169e-310	6.94780367434777e-310	6.947803324522e-310
6.94780365551636e-310	6.94780330006577e-310	6.9478033327081e-310	6.94780369403687e-310	6.9478036198361e-310	6.9478276514994e-310	6.94780366600715e-310	6.94780369154204e-310	6.9478036818046e-310	6.94780332908363e-310	6.9478031807655e-310	6.94780361368125e-310	6.94780367972873e-310	6.94780369364953e-310	6.94780328709674e-310
6.94780368578637e-310	6.9478033000721e-310	6.9478033218853e-310	6.9478036940432e-310	6.94780367652877e-310	6.94780332782633e-310	6.9478036660119e-310	6.94780369154757e-310	6.94780367767974e-310	6.9478033336235e-310	6.94780361981794e-310	6.94780330323727e-310	6.94780367973427e-310	6.9478036633874e-310	6.94780328710307e-310
6.94780368579665e-310	6.9478036594088e-310	6.94780367414935e-310	6.94780332686073e-310	6.9478036765351e-310	6.9478036679929e-310	6.9478036660198e-310	6.9478036915523e-310	6.9478036818378e-310	6.94780333362903e-310	6.9478036234341e-310	6.9478033032499e-310	6.9478036797406e-310	6.9478036955183e-310	6.9478036213626e-310
6.9478036858014e-310	6.94780365941354e-310	6.9478036355379e-310	6.94780332686705e-310	6.9478036765493e-310	6.9478033246884e-310	6.94780366602533e-310	6.9478036221191e-310	6.94780362516887e-310	6.94780333363535e-310	6.9478033236805e-310	6.9478033364116e-310	6.94780367974612e-310	6.94780328891965e-310	6.947803319777e-310
6.9478036858077e-310	6.9478036172978e-310	6.94780363554504e-310	6.9478033327144e-310	6.9478036766094e-310	6.94780332469316e-310	6.94780360647817e-310	6.947803335082e-310	6.94780368191527e-310	6.947803333765e-310	6.94780332388447e-310	6.94780333641793e-310	6.9478036797643e-310	6.94780367433117e-310	6.94780331978333e-310
6.94780368581325e-310	6.9478036098465e-310	6.94780367232565e-310	6.94780363748217e-310	6.94780367662284e-310	6.94780332470107e-310	6.94780360659437e-310	6.94780369138473e-310	6.94780368192e-310	6.9478036582673e-310	6.9478033238916e-310	6.94780361369864e-310	6.9478036797714e-310	6.9478036588673e-310	6.9478036199231e-310
6.947803685818e-310	6.94780360986074e-310	6.9478036095975e-310	6.94782630621834e-310	6.9478036128101e-310	6.9478033247066e-310	6.94780360666473e-310	6.94780360204027e-310	6.9478036819279e-310	6.9478033303334e-310	6.9478033238979e-310	6.94780333642505e-310	6.94780367977775e-310	6.9478033309935e-310	6.94780331979045e-310
6.94780368587333e-310	6.94780368221013e-310	6.94780368600692e-310	6.9478036373047e-310	6.94780363482093e-310	6.9478033247129e-310	6.9478036736047e-310	6.94780333529383e-310	6.9478036819524e-310	6.94780366291746e-310	6.94780361029e-310	6.94780333643137e-310	6.94780361948197e-310	6.9478036743541e-310	6.94780331979677e-310
6.94780368588203e-310	6.9478036840346e-310	6.94780360961173e-310	6.9478036698759e-310	6.94782764992986e-310	6.94780332482755e-310	6.947803684286e-310	6.9478033352986e-310	6.94780368200065e-310	6.94780362595186e-310	6.9478033236742e-310	6.94780365493217e-310	6.94780361949383e-310	6.94780329209115e-310	6.9478032871086e-310
6.94780368588756e-310	6.9478036793137e-310	6.94780360318413e-310	6.94780332044103e-310	6.9478032933611e-310	6.9478033248979e-310	6.9478016045969e-310	6.94780369107485e-310	6.94780367837223e-310	6.94780366414393e-310	6.9478036174725e-310	6.9478036549385e-310	6.947803604426e-310	6.9478036008292e-310	6.94780369958227e-310
6.94780368589784e-310	6.9478033338741e-310	6.94780332237224e-310	6.9478036056837e-310	6.94780332687614e-310	6.9478036790663e-310	6.94780360659793e-310	6.94780333549383e-310	6.9478036810291e-310	6.9478036641969e-310	6.94780360840937e-310	6.9478036549448e-310	6.94780361951676e-310	6.94780369422027e-310	6.9478036995886e-310
6.94780360724575e-310	6.9478033162126e-310	6.94780369764395e-310	6.94780329733773e-310	6.9478035976328e-310	6.94780366966007e-310	6.9478036066169e-310	6.9478033353065e-310	6.9478036820212e-310	6.9478036642024e-310	6.9478016073028e-310	6.94780365495035e-310	6.94780361949936e-310	6.9478036942361e-310	6.9478033249493e-310
6.94780360725207e-310	6.94780331621895e-310	6.94780318058963e-310	6.94780332044815e-310	6.94780367694695e-310	6.94780160015426e-310	6.9478036065841e-310	6.9478033179952e-310	6.94780332273666e-310	6.9478036643368e-310	6.94780366307754e-310	6.9478036549567e-310	6.94780366400085e-310	6.94780369424083e-310	6.9478036995957e-310
6.9478036072576e-310	6.94780368221487e-310	6.94780318059595e-310	6.94782630622387e-310	6.9478036769659e-310	6.9478033248311e-310	6.94780360667816e-310	6.9478036586752e-310	6.94780368209867e-310	6.9478036128267e-310	6.94780368993573e-310	6.9478033147075e-310	6.9478036639866e-310	6.94780369424557e-310	6.9478033245327e-310
6.94780360726235e-310	6.9478036744047e-310	6.9478036131255e-310	6.9478036745019e-310	6.9478036745952e-310	6.9478033248501e-310	6.9478036066837e-310	6.94780332019637e-310	6.9478036821034e-310	6.9478036641376e-310	6.94780368995866e-310	6.94780331471383e-310	6.94780331386166e-310	6.94780360484103e-310	6.9478276787501e-310
6.94780360730187e-310	6.947803674411e-310	6.94780361313185e-310	6.94780332045526e-310	6.94780367702284e-310	6.94780332481727e-310	6.94780360669e-310	6.9478033350954e-310	6.9478036821113e-310	6.9478036063082e-310	6.94780368996736e-310	6.9478036960732e-310	6.94780366103566e-310	6.9478036048537e-310	6.947827678758e-310
6.9478036073501e-310	6.94780367441654e-310	6.9478036875911e-310	6.94780330312265e-310	6.94780367703074e-310	6.94780332491134e-310	6.94780360669714e-310	6.94780333510095e-310	6.94780368212317e-310	6.9478036644048e-310	6.94780369000056e-310	6.94780369609614e-310	6.9478036569511e-310	6.94780363447706e-310	6.9478276787643e-310
6.94780360857775e-310	6.94780360782835e-310	6.9478036875974e-310	6.9478033031274e-310	6.94780361242514e-310	6.94780332491687e-310	6.94780360670346e-310	6.94780333510727e-310	6.9478036821279e-310	6.9478036644127e-310	6.94780332368685e-310	6.94780361530574e-310	6.9478033355962e-310	6.94780362099737e-310	6.94780365525944e-310
6.94780365529897e-310	6.94780360783467e-310	6.9478033157336e-310	6.94780362407955e-310	6.94780361243146e-310	6.9478033249232e-310	6.94780366366567e-310	6.947803317581e-310	6.9478036821358e-310	6.94780367829397e-310	6.9478036900227e-310	6.9478033147174e-310	6.9478036182745e-310	6.9478033216015e-310	6.9478036590001e-310
6.94780368202594e-310	6.9478036078402e-310	6.9478033157399e-310	6.94780362409773e-310	6.9478036124378e-310	6.9478033249303e-310	6.94780360678962e-310	6.9478033353697e-310	6.94780368214136e-310	6.9478036782979e-310	6.9478036900464e-310	6.94780369607677e-310	6.94780361830175e-310	6.9478036210045e-310	6.9478033182197e-310
6.94780367764417e-310	6.94780361179985e-310	6.94780328887143e-310	6.9478033268528e-310	6.94780361245517e-310	6.94780332493664e-310	6.9478033267714e-310	6.94780333538237e-310	6.94780368215005e-310	6.94780360538727e-310	6.947803690082e-310	6.94780333646773e-310	6.9478036183073e-310	6.9478036210132e-310	6.9478033362725e-310
6.9478036776505e-310	6.94780368140935e-310	6.9478036976475e-310	6.9478036697905e-310	6.9478036124927e-310	6.9478033366709e-310	6.9478036068003e-310	6.94780333550016e-310	6.94780368215796e-310	6.9478036053912e-310	6.9478036130868e-310	6.9478036076224e-310	6.94780361831203e-310	6.9478036210187e-310	6.94780333627604e-310
6.94780367766473e-310	6.94780368141567e-310	6.94780328773626e-310	6.94780366979683e-310	6.9478036561535e-310	6.9478033250228e-310	6.947803604962e-310	6.9478033355057e-310	6.9478036821627e-310	6.9478036626736e-310	6.9478036100726e-310	6.9478036046849e-310	6.94780361835076e-310	6.94780362102504e-310	6.94780333629145e-310
6.94780332322915e-310	6.94780360308058e-310	6.9478036859911e-310	6.9478036973499e-310	6.94780365615983e-310	6.9478276765928e-310	6.94780360502047e-310	6.947803335512e-310	6.94780368217693e-310	6.94780366268624e-310	6.94780361305042e-310	6.9478036939523e-310	6.94780333165277e-310	6.94780368410813e-310	6.94780333629777e-310
6.94780332323705e-310	6.9478036030869e-310	6.9478036242179e-310	6.9478036439971e-310	6.94780365616694e-310	6.94780332503347e-310	6.9478036050426e-310	6.94780333551834e-310	6.94780368218167e-310	6.94780366256687e-310	6.94780329068484e-310	6.94780369400367e-310	6.9478036457062e-310	6.94780368411367e-310	6.9478033363041e-310
6.9478033232481e-310	6.94780332801644e-310	6.9478036730134e-310	6.94780365656456e-310	6.94780365617485e-310	6.9478036916448e-310	6.9478036050505e-310	6.94780333552466e-310	6.94780368219116e-310	6.9478036625811e-310	6.94780361027417e-310	6.9478036940092e-310	6.9478033314346e-310	6.94780368412e-310	6.94780369960045e-310
6.9478033232418e-310	6.94780368122e-310	6.94780368461326e-310	6.9478036698095e-310	6.9478276779912e-310	6.94780369164955e-310	6.94780332675756e-310	6.94780333554363e-310	6.9478036821951e-310	6.94780366258584e-310	6.9478036102979e-310	6.94780369401553e-310	6.94780363810074e-310	6.9478036954914e-310	6.94780333630766e-310
6.9478036084481e-310	6.94780369155943e-310	6.947803287741e-310	6.9478036565717e-310	6.94780332127423e-310	6.94780369165587e-310	6.94780366102934e-310	6.9478033356061e-310	6.9478036458121e-310	6.94780366259533e-310	6.9478036103042e-310	6.94780369402027e-310	6.9478033313152e-310	6.94780369549773e-310	6.94780369198314e-310
6.94780332328606e-310	6.94780363545927e-310	6.9478036355553e-310	6.947803656578e-310	6.94780332128055e-310	6.9478036916614e-310	6.9478033158158e-310	6.9478033356195e-310	6.94780364581686e-310	6.9478036625993e-310	6.9478036035367e-310	6.9478036152504e-310	6.94780333143933e-310	6.94780369550563e-310	6.9478036838022e-310
6.9478033232916e-310	6.94780363825884e-310	6.94780368697846e-310	6.94780365658354e-310	6.94780332134063e-310	6.94780369166615e-310	6.9478032908485e-310	6.9478036961989e-310	6.94780318150187e-310	6.94780332535165e-310	6.94780331792565e-310	6.947803694078e-310	6.94780367250036e-310	6.9478036955246e-310	6.9478036838267e-310
6.94780332329634e-310	6.9478036382952e-310	6.9478036993032e-310	6.94780330385387e-310	6.9478033213327e-310	6.94780366519056e-310	6.94780328835443e-310	6.94780333482427e-310	6.9478036458232e-310	6.94780332255247e-310	6.94780332698167e-310	6.9478036940851e-310	6.9478036725051e-310	6.9478033310014e-310	6.94780368151923e-310
6.9478033233098e-310	6.94780363830074e-310	6.94780366643797e-310	6.9478033038602e-310	6.9478036345087e-310	6.9478036652127e-310	6.947803326603e-310	6.947803659457e-310	6.9478036458303e-310	6.9478033242805e-310	6.9478036110275e-310	6.9478036940914e-310	6.947803672513e-310	6.94780366826443e-310	6.9478033067329e-310
6.9478033233264e-310	6.94780366500083e-310	6.94780368698557e-310	6.9478033038657e-310	6.94780363451343e-310	6.9478036652206e-310	6.94780369222504e-310	6.94780368968e-310	6.9478036458635e-310	6.94780332539276e-310	6.9478033350883e-310	6.94780369409774e-310	6.94780365384127e-310	6.9478031453339e-310	6.9478033067392e-310
6.9478033233319e-310	6.9478036650807e-310	6.94780368613736e-310	6.94780330387205e-310	6.94780363451817e-310	6.9478031744478e-310	6.9478036609653e-310	6.9478221479243e-310	6.94780364587377e-310	6.9478033127178e-310	6.94780363751735e-310	6.9478031436335e-310	6.9478036590361e-310	6.947803603096e-310	6.9478033067471e-310
6.94780332333824e-310	6.94780368120303e-310	6.9478036869911e-310	6.9478036951673e-310	6.9478036345245e-310	6.94780333606774e-310	6.9478036609732e-310	6.9478036082655e-310	6.9478036458785e-310	6.9478036454987e-310	6.94780365564916e-310	6.94780369366376e-310	6.94780329885274e-310	6.9478036888551e-310	6.947803691946e-310
6.9478033233422e-310	6.94780368121014e-310	6.94780318060465e-310	6.9478036951736e-310	6.94780363453003e-310	6.9478015877125e-310	6.94780366097874e-310	6.94780360837775e-310	6.94780364588326e-310	6.9478036632064e-310	6.94780332356037e-310	6.9478033242402e-310	6.9478036934934e-310	6.9478036742134e-310	6.94780331826794e-310
6.9478033233983e-310	6.94780368121646e-310	6.94780361314054e-310	6.9478036056663e-310	6.94780363453477e-310	6.9478276670277e-310	6.9478036609827e-310	6.9478036083825e-310	6.94780366187676e-310	6.9478036632127e-310	6.9478032907623e-310	6.94780318220344e-310	6.9478036374972e-310	6.9478036742181e-310	6.94780330675067e-310
6.94780332340385e-310	6.9478036386351e-310	6.9478036876061e-310	6.94780360567897e-310	6.94780332134774e-310	6.9478036576357e-310	6.9478036705328e-310	6.9478036083904e-310	6.9478033331484e-310	6.9478036553148e-310	6.9478036181136e-310	6.94780361281485e-310	6.9478036375051e-310	6.94780367422445e-310	6.94780366812807e-310
6.94780332341017e-310	6.94780363788177e-310	6.9478033157486e-310	6.9478036976321e-310	6.9478036345988e-310	6.94780316580797e-310	6.9478036742774e-310	6.94780360839593e-310	6.9478036001968e-310	6.94780328796867e-310	6.9478036181207e-310	6.94780365663927e-310	6.94780363754304e-310	6.94780367423077e-310	6.94780332219556e-310
6.94780332342756e-310	6.9478032991124e-310	6.94780333403535e-310	6.9478036782485e-310	6.94780363460354e-310	6.9478031740901e-310	6.9478036918029e-310	6.94780360840463e-310	6.94780363787307e-310	6.947803287975e-310	6.94780329076706e-310	6.9478036942756e-310	6.94780366392496e-310	6.9478036742379e-310	6.9478033190205e-310
6.9478036976234e-310	6.94780369156418e-310	6.94780362015153e-310	6.94780330450366e-310	6.94780363461145e-310	6.9478033177312e-310	6.9478036919128e-310	6.94780367341576e-310	6.94780369702815e-310	6.9478032879813e-310	6.9478036181073e-310	6.94780369425347e-310	6.94780363756557e-310	6.94780362416255e-310	6.9478033192268e-310
6.94780369761707e-310	6.94780368700296e-310	6.9478036986985e-310	6.94780368973613e-310	6.947803634617e-310	6.9478033177391e-310	6.94780369193176e-310	6.94780367348216e-310	6.94780317445294e-310	6.9478036632238e-310	6.94780329893614e-310	6.9478032999061e-310	6.9478036375719e-310	6.9478036614728e-310	6.94780331923393e-310
6.94780369590247e-310	6.94780329996063e-310	6.94780364553623e-310	6.94780332860774e-310	6.9478036346257e-310	6.9478033177446e-310	6.94780367430587e-310	6.9478036856575e-310	6.94780365437605e-310	6.94780328798843e-310	6.94780329894246e-310	6.94780367041975e-310	6.94780363759403e-310	6.9478036241831e-310	6.94780331924026e-310
6.94780369765976e-310	6.9478032972998e-310	6.94780364554255e-310	6.94780332861328e-310	6.9478036346336e-310	6.94780331774857e-310	6.94780369199026e-310	6.94780333559027e-310	6.94780360554695e-310	6.94780328799476e-310	6.94780330283016e-310	6.94780369518113e-310	6.9478036376043e-310	6.94780363786043e-310	6.94780331886793e-310
6.9478036976653e-310	6.9478036614665e-310	6.94780332948915e-310	6.9478033286267e-310	6.94780363463833e-310	6.9478036166172e-310	6.94780369199816e-310	6.94780367283474e-310	6.9478036055517e-310	6.9478036120354e-310	6.9478036703217e-310	6.94780368870373e-310	6.94780362355387e-310	6.9478032922959e-310	6.94780331901417e-310
6.94780369770324e-310	6.94780330661036e-310	6.94780364554967e-310	6.94780332868916e-310	6.94780363465256e-310	6.94780369547876e-310	6.94780332516035e-310	6.9478036636123e-310	6.9478036055596e-310	6.9478036120433e-310	6.9478032989488e-310	6.9478036943357e-310	6.9478036235254e-310	6.94780365695586e-310	6.9478036674032e-310
6.9478036977127e-310	6.9478036615068e-310	6.9478036217523e-310	6.9478033286963e-310	6.9478036346573e-310	6.9478036653455e-310	6.94780332516667e-310	6.94780367343434e-310	6.9478036623542e-310	6.94780361204965e-310	6.9478036934756e-310	6.947803694342e-310	6.9478036122631e-310	6.9478032896912e-310	6.94780369338155e-310
6.94780369773565e-310	6.94780366151155e-310	6.9478036455544e-310	6.9478033287026e-310	6.9478036346668e-310	6.94780366545537e-310	6.947803325173e-310	6.9478036636064e-310	6.9478036821698e-310	6.94780361205597e-310	6.9478276765596e-310	6.94780369436414e-310	6.9478033313334e-310	6.94780365694085e-310	6.9478033278639e-310
6.94780369774434e-310	6.94780366151787e-310	6.9478036217594e-310	6.94780333679026e-310	6.94780363467074e-310	6.94780366547435e-310	6.9478033251904e-310	6.9478036734956e-310	6.94780366236845e-310	6.9478033235169e-310	6.9478033061969e-310	6.9478036943744e-310	6.94780368897606e-310	6.9478036570033e-310	6.94780360080155e-310
6.9478036977546e-310	6.9478036615234e-310	6.94780362176574e-310	6.9478033283366e-310	6.94780363469366e-310	6.9478036788481e-310	6.94780332522794e-310	6.94780367350114e-310	6.9478036056094e-310	6.9478036632459e-310	6.947803328086e-310	6.94780364455205e-310	6.9478036690411e-310	6.94780365701515e-310	6.9478033193596e-310
6.9478036977633e-310	6.94780366152815e-310	6.9478036217713e-310	6.94780361364093e-310	6.94780367659596e-310	6.94780332924094e-310	6.94780332525995e-310	6.94780367350746e-310	6.94780360561414e-310	6.94782767660703e-310	6.9478036197887e-310	6.94780333470095e-310	6.9478036048616e-310	6.9478036570207e-310	6.94780331938255e-310
6.947803697772e-310	6.9478016246433e-310	6.9478033266141e-310	6.94780333562426e-310	6.9478036350834e-310	6.94780332924884e-310	6.9478033252663e-310	6.94780367351457e-310	6.94780366237873e-310	6.94780369133256e-310	6.9478033028337e-310	6.947803305623e-310	6.94780363544385e-310	6.947803657027e-310	6.94780331939124e-310
6.9478036977807e-310	6.94780366162617e-310	6.9478036666854e-310	6.9478036555472e-310	6.9478036122188e-310	6.94780332298883e-310	6.94780367040236e-310	6.9478036735209e-310	6.947803605626e-310	6.9478031541504e-310	6.9478033053155e-310	6.9478036639811e-310	6.9478036933918e-310	6.94780365713215e-310	6.94780331942444e-310
6.9478036977894e-310	6.9478036616499e-310	6.94780366669172e-310	6.9478036555527e-310	6.9478036347071e-310	6.94780332299516e-310	6.94780367041026e-310	6.94780332430977e-310	6.94780360563233e-310	6.94780369131754e-310	6.9478036865737e-310	6.947803656929e-310	6.94780363545097e-310	6.94780365715033e-310	6.9478033190268e-310
6.9478036977981e-310	6.9478036616309e-310	6.9478036675083e-310	6.94780365566813e-310	6.9478036122267e-310	6.9478033230015e-310	6.9478036704822e-310	6.94780366213763e-310	6.94780360564814e-310	6.94780369138e-310	6.9478032958516e-310	6.94780367047113e-310	6.947803638413e-310	6.94780365715507e-310	6.9478033194466e-310
6.9478036978068e-310	6.94780366163565e-310	6.94780366751464e-310	6.94780365567367e-310	6.94780363464386e-310	6.94780332301887e-310	6.94780367064583e-310	6.947803669517e-310	6.94780332011377e-310	6.94780369139185e-310	6.9478276765762e-310	6.94780367047745e-310	6.947803661023e-310	6.9478036571614e-310	6.9478033194703e-310
6.94780369782577e-310	6.947803661657e-310	6.9478033230766e-310	6.9478036556871e-310	6.94780361227573e-310	6.9478033230564e-310	6.94780367065216e-310	6.9478036621483e-310	6.94780332013116e-310	6.9478036913974e-310	6.94780366230363e-310	6.9478036703138e-310	6.9478036384201e-310	6.94780361825353e-310	6.947803319494e-310
6.9478033257548e-310	6.9478036616404e-310	6.9478036666953e-310	6.94780365569264e-310	6.94780361228126e-310	6.94780367927894e-310	6.94780367071223e-310	6.94780367007113e-310	6.9478033201367e-310	6.9478036914037e-310	6.94780364479394e-310	6.9478033057491e-310	6.9478033249667e-310	6.9478036182654e-310	6.9478033195849e-310
6.9478033209272e-310	6.94780366166253e-310	6.9478276499346e-310	6.9478036557061e-310	6.947803612286e-310	6.94780367928526e-310	6.9478036560705e-310	6.9478036700759e-310	6.9478033201707e-310	6.94780369140924e-310	6.9478036010814e-310	6.9478036817967e-310	6.94780369339894e-310	6.9478276830275e-310	6.94780331960863e-310
6.9478036991293e-310	6.94780328762915e-310	6.94780332829905e-310	6.9478036557116e-310	6.9478036123105e-310	6.94780367929238e-310	6.9478036560784e-310	6.9478036700822e-310	6.9478033201754e-310	6.9478036914274e-310	6.9478032958437e-310	6.9478036538642e-310	6.94780363843433e-310	6.9478036182907e-310	6.94780331954855e-310
6.94780332577536e-310	6.94780328712757e-310	6.9478036384707e-310	6.94780365572505e-310	6.94780361231526e-310	6.9478036793003e-310	6.94780365608315e-310	6.94780367008773e-310	6.94780332018175e-310	6.94780369143453e-310	6.94780369346534e-310	6.9478036945001e-310	6.94780366550755e-310	6.9478036182709e-310	6.94780318158645e-310
6.9478033258125e-310	6.9478036210867e-310	6.94780363850706e-310	6.9478036557306e-310	6.94780361232e-310	6.94780367933427e-310	6.9478036560879e-310	6.9478036700925e-310	6.94780332020467e-310	6.94780369144086e-310	6.9478032958666e-310	6.9478036969056e-310	6.9478033063495e-310	6.94780368395794e-310	6.94780331980784e-310
6.9478033258212e-310	6.9478032884809e-310	6.9478036385126e-310	6.947803655744e-310	6.94780367157705e-310	6.947803679339e-310	6.9478036560942e-310	6.94780367015097e-310	6.9478033202102e-310	6.9478036914938e-310	6.9478032958579e-310	6.94780369691194e-310	6.94780332495877e-310	6.9478036839706e-310	6.94780331887583e-310
6.9478033158332e-310	6.94780328705405e-310	6.94780363852603e-310	6.94780365574955e-310	6.9478036715826e-310	6.94780367934534e-310	6.94780365609975e-310	6.9478036701731e-310	6.94780332023234e-310	6.9478036915057e-310	6.94780366229573e-310	6.94780369691748e-310	6.94780366551387e-310	6.9478036838512e-310	6.94780331888216e-310
6.9478033258892e-310	6.9478032870588e-310	6.94780363860587e-310	6.9478036541954e-310	6.9478036715889e-310	6.94780367935087e-310	6.9478036561045e-310	6.947803670181e-310	6.94780332023787e-310	6.94780332593504e-310	6.94780330618665e-310	6.94780367289166e-310	6.9478032951852e-310	6.94780368386545e-310	6.9478033169731e-310
6.9478033204031e-310	6.94780328706354e-310	6.94780363864223e-310	6.9478036542041e-310	6.9478036755778e-310	6.9478036793556e-310	6.94780366620003e-310	6.94780333634086e-310	6.947803332482e-310	6.94780369153097e-310	6.94780330621036e-310	6.947803672898e-310	6.9478032951915e-310	6.9478036838702e-310	6.94780332442044e-310
6.947803320411e-310	6.94780328707145e-310	6.94780363864935e-310	6.9478036542128e-310	6.94780367172013e-310	6.94780361673813e-310	6.94780366624114e-310	6.94780332425127e-310	6.9478033324899e-310	6.9478036915112e-310	6.94780332809945e-310	6.94780330088236e-310	6.94780366962134e-310	6.9478036838797e-310	6.9478033051827e-310
6.9478033204347e-310	6.947803287077e-310	6.9478036261483e-310	6.9478036542215e-310	6.94782768301724e-310	6.94780361674445e-310	6.9478036662459e-310	6.94780360962754e-310	6.94780333251363e-310	6.94780362251356e-310	6.9478033281042e-310	6.9478036729051e-310	6.94780366962766e-310	6.94780368388363e-310	6.94780331899283e-310
6.9478033204758e-310	6.9478032877742e-310	6.94780158448724e-310	6.9478036542302e-310	6.94780361197376e-310	6.94780361680453e-310	6.9478036662538e-310	6.94780332601647e-310	6.94780333251995e-310	6.94780362250407e-310	6.9478033188869e-310	6.9478033211699e-310	6.94780366964663e-310	6.94780331578575e-310	6.9478033062728e-310
6.94780332048293e-310	6.9478032877173e-310	6.94780362471037e-310	6.9478036542389e-310	6.9478036118307e-310	6.94780361681165e-310	6.94780365875664e-310	6.94780330558903e-310	6.9478033325484e-310	6.9478036166235e-310	6.947803303159e-310	6.9478036544895e-310	6.9478036544199e-310	6.9478033164557e-310	6.9478032871149e-310
6.94780332049084e-310	6.947803661838e-310	6.94780328697263e-310	6.9478036542476e-310	6.9478036728644e-310	6.9478036168219e-310	6.94780365876533e-310	6.9478033244307e-310	6.94780333255473e-310	6.9478036548065e-310	6.94780330317166e-310	6.947803321177e-310	6.94780365443653e-310	6.9478036168662e-310	6.9478036838109e-310
6.94780332049795e-310	6.94780366184435e-310	6.9478036933207e-310	6.94780365417803e-310	6.94780329335715e-310	6.94780361682667e-310	6.94780365877324e-310	6.9478031793114e-310	6.9478033325832e-310	6.94780362257206e-310	6.9478036180211e-310	6.9478033302781e-310	6.94780365444285e-310	6.9478036168725e-310	6.9478036381632e-310
6.94780332050427e-310	6.94780366187043e-310	6.9478036210377e-310	6.9478036543472e-310	6.9478036347e-310	6.9478036168314e-310	6.947803658778e-310	6.94780332409317e-310	6.9478033325895e-310	6.9478032884307e-310	6.94780361802744e-310	6.9478033302844e-310	6.9478036961736e-310	6.94780361333896e-310	6.94780361879265e-310
6.947803320509e-310	6.94780328741057e-310	6.9478031500058e-310	6.9478036769351e-310	6.9478032935939e-310	6.94780361683773e-310	6.9478036587922e-310	6.94780332410107e-310	6.94780365492664e-310	6.9478033363369e-310	6.9478033189043e-310	6.94780332446075e-310	6.94780366552375e-310	6.9478036004632e-310	6.9478036188053e-310
6.94780332051376e-310	6.9478032897663e-310	6.9478033249959e-310	6.9478036769525e-310	6.9478032933844e-310	6.94780361684327e-310	6.94780365879695e-310	6.9478033241066e-310	6.9478033331389e-310	6.94780332594137e-310	6.94780361803456e-310	6.9478033244671e-310	6.94780368692075e-310	6.94780360046954e-310	6.9478036188124e-310
6.94780332052167e-310	6.94780328733943e-310	6.9478036608096e-310	6.9478036769604e-310	6.94780329338995e-310	6.947803616848e-310	6.94780365880644e-310	6.947803324207e-310	6.94780365497486e-310	6.9478033259469e-310	6.9478036387015e-310	6.9478036548397e-310	6.9478032944935e-310	6.94780360047586e-310	6.9478036187974e-310
6.9478033205272e-310	6.947803287458e-310	6.94780330363094e-310	6.9478036124196e-310	6.9478032933947e-310	6.9478033292093e-310	6.9478036588104e-310	6.94780368189314e-310	6.9478036549804e-310	6.94780332595164e-310	6.94780363870706e-310	6.94780369610246e-310	6.94780329450615e-310	6.9478036004814e-310	6.94780361882665e-310
6.9478033205359e-310	6.9478036618811e-310	6.9478036608981e-310	6.9478036124599e-310	6.94780329343343e-310	6.94782765785625e-310	6.9478036588333e-310	6.9478036211136e-310	6.94780365500964e-310	6.9478033259904e-310	6.9478036387134e-310	6.9478036161002e-310	6.9478036571875e-310	6.94780368092793e-310	6.9478036442319e-310
6.947803607822e-310	6.947803664419e-310	6.94780361606936e-310	6.94780361246466e-310	6.94780367614063e-310	6.947827657861e-310	6.94780367071777e-310	6.9478033254315e-310	6.9478033198513e-310	6.9478036035098e-310	6.9478036387197e-310	6.9478036161144e-310	6.9478032991954e-310	6.94780368093425e-310	6.9478036442382e-310
6.94780360786234e-310	6.94780368102437e-310	6.9478036160741e-310	6.947803612471e-310	6.9478036212946e-310	6.9478276578689e-310	6.94780369200844e-310	6.94780332554137e-310	6.94780331986476e-310	6.94780360223315e-310	6.94780363872524e-310	6.94780333380413e-310	6.94780329920095e-310	6.9478036809406e-310	6.9478033197699e-310
6.94780360787025e-310	6.94780366983714e-310	6.94780361608043e-310	6.94780361984086e-310	6.94780332502754e-310	6.94782765787443e-310	6.94780365884675e-310	6.94780366249414e-310	6.94780331987345e-310	6.94780368936815e-310	6.9478036086465e-310	6.9478036161247e-310	6.9478032992057e-310	6.9478036809485e-310	6.9478036381703e-310
6.9478036078758e-310	6.9478036698419e-310	6.9478036692e-310	6.947803677041e-310	6.9478036763525e-310	6.94782765788313e-310	6.94780365885387e-310	6.9478036735778e-310	6.94780331988215e-310	6.94780361315477e-310	6.94780365485707e-310	6.94780367857222e-310	6.94780367655565e-310	6.947803666053e-310	6.94780364424454e-310
6.94780360787973e-310	6.9478036698482e-310	6.9478036936116e-310	6.94780365620884e-310	6.94780367833744e-310	6.94782764650855e-310	6.947803658861e-310	6.9478036625542e-310	6.9478033199011e-310	6.947803689429e-310	6.9478036548634e-310	6.9478033064064e-310	6.9478036765612e-310	6.9478036660593e-310	6.9478033286346e-310
6.947803672747e-310	6.94780366985374e-310	6.9478036160164e-310	6.9478036562136e-310	6.9478036551045e-310	6.94782765788787e-310	6.9478036587835e-310	6.94780366256213e-310	6.94780331999677e-310	6.94780332587418e-310	6.9478036548713e-310	6.9478033337745e-310	6.9478036765659e-310	6.9478033195691e-310	6.94780367004663e-310
6.94780360792874e-310	6.9478036698585e-310	6.94780361602114e-310	6.9478036562199e-310	6.94780333042037e-310	6.947827646522e-310	6.94780365891e-310	6.9478036626222e-310	6.94780331995804e-310	6.9478036899405e-310	6.94780364480027e-310	6.9478036785758e-310	6.9478036765746e-310	6.94780366607355e-310	6.9478036916954e-310
6.94780365517486e-310	6.94780366989485e-310	6.94780361602905e-310	6.94782767798646e-310	6.94780367636513e-310	6.94782764652674e-310	6.94780365891553e-310	6.94780366262853e-310	6.94780332008373e-310	6.9478036899452e-310	6.94780367253514e-310	6.94780367292723e-310	6.94780367658015e-310	6.94780364456075e-310	6.9478032936271e-310
6.9478036551796e-310	6.9478033288876e-310	6.9478036160346e-310	6.94780362130725e-310	6.9478036861247e-310	6.9478276465362e-310	6.94780365892027e-310	6.94780366263485e-310	6.9478033311769e-310	6.94780368995313e-310	6.94780365487486e-310	6.94780367294146e-310	6.9478036765849e-310	6.9478036908045e-310	6.94780361991596e-310
6.94780365519067e-310	6.9478036870077e-310	6.9478036160409e-310	6.9478036954495e-310	6.9478263067788e-310	6.94782764654017e-310	6.9478036589448e-310	6.94780366265224e-310	6.94780332012167e-310	6.9478033374361e-310	6.9478036221096e-310	6.9478036197642e-310	6.9478032952089e-310	6.9478036894045e-310	6.9478036381802e-310
6.94780365520094e-310	6.94780369846607e-310	6.94780361604723e-310	6.9478036030521e-310	6.94780361651244e-310	6.94780369012625e-310	6.9478036589495e-310	6.9478036626898e-310	6.9478036549899e-310	6.94780367058536e-310	6.9478263047128e-310	6.9478036197705e-310	6.94780366963873e-310	6.9478036907895e-310	6.947803295201e-310
6.94780365522545e-310	6.9478036118046e-310	6.9478036160646e-310	6.9478036137358e-310	6.94780367615407e-310	6.94780332490264e-310	6.94780365895426e-310	6.9478036627218e-310	6.9478036538136e-310	6.94780369558034e-310	6.94780332680065e-310	6.94780367855325e-310	6.9478036544286e-310	6.9478036057027e-310	6.9478036152678e-310
6.94780365527367e-310	6.9478033289113e-310	6.9478036161342e-310	6.9478036138354e-310	6.9478036761596e-310	6.9478036374059e-310	6.9478276787319e-310	6.94780366272813e-310	6.9478036536895e-310	6.9478033337559e-310	6.94780332680697e-310	6.9478036785596e-310	6.9478036544539e-310	6.94780360571454e-310	6.94780367003003e-310
6.94780316746724e-310	6.947803328969e-310	6.9478036161476e-310	6.9478036138528e-310	6.94780367616593e-310	6.9478036901397e-310	6.94782767873744e-310	6.94780366273525e-310	6.94780361522115e-310	6.9478036180792e-310	6.9478033268117e-310	6.9478033064143e-310	6.9478036834789e-310	6.94780360572007e-310	6.94780369167643e-310
6.947803655148e-310	6.94780368107654e-310	6.9478036161666e-310	6.9478036138607e-310	6.94780361187494e-310	6.9478036901468e-310	6.94782767874377e-310	6.94780366274315e-310	6.94780361995707e-310	6.94780361808713e-310	6.9478033257817e-310	6.94780330642064e-310	6.9478036834947e-310	6.9478036057264e-310	6.94780329360813e-310
6.9478036552942e-310	6.9478033288923e-310	6.94780366344354e-310	6.94780333326777e-310	6.9478036764284e-310	6.9478036901539e-310	6.947803658525e-310	6.9478036627574e-310	6.94780330063335e-310	6.94780361812507e-310	6.947803325788e-310	6.94780361766144e-310	6.94780368349944e-310	6.94780360573193e-310	6.94780367700544e-310
6.9478036553314e-310	6.94780332684096e-310	6.94780365817917e-310	6.9478033333065e-310	6.947803676441e-310	6.9478276465133e-310	6.9478036830457e-310	6.9478033240568e-310	6.9478036536994e-310	6.94780332457063e-310	6.94780332579512e-310	6.94780333379543e-310	6.9478036835042e-310	6.9478036057501e-310	6.94780366341745e-310
6.94780365534007e-310	6.9478033067716e-310	6.9478036922689e-310	6.9478033293595e-310	6.9478033304267e-310	6.94780369020293e-310	6.94780333402903e-310	6.94780366284355e-310	6.9478032896655e-310	6.9478036181476e-310	6.94780332580145e-310	6.94780367925364e-310	6.9478036552389e-310	6.94780360575485e-310	6.94780332865596e-310
6.9478036181405e-310	6.94780330540563e-310	6.94780366326014e-310	6.94780332936584e-310	6.94780333043223e-310	6.94780369020846e-310	6.94780361765354e-310	6.94780368687174e-310	6.94780328968485e-310	6.94780361815393e-310	6.9478036895729e-310	6.9478036669261e-310	6.94780365525154e-310	6.9478036057612e-310	6.9478036152765e-310
6.94780368744564e-310	6.94780360135095e-310	6.947803663238e-310	6.9478036690648e-310	6.94780333043855e-310	6.9478036902377e-310	6.9478036042181e-310	6.94780366294e-310	6.9478276539551e-310	6.94780361817606e-310	6.9478276374984e-310	6.9478036445394e-310	6.94780368198563e-310	6.94780360581414e-310	6.9478033182284e-310
6.9478036874504e-310	6.9478036118125e-310	6.94780366549016e-310	6.9478036060995e-310	6.9478033304449e-310	6.94780369024245e-310	6.9478036173069e-310	6.94780366298347e-310	6.94782765396143e-310	6.94780361818634e-310	6.9478033006381e-310	6.94780333470965e-310	6.94780368199195e-310	6.947803605826e-310	6.94780367003635e-310
6.9478036874583e-310	6.9478033103471e-310	6.9478036564302e-310	6.94780368415003e-310	6.9478033304512e-310	6.9478036902472e-310	6.94780360440507e-310	6.9478036625724e-310	6.9478036932274e-310	6.94782767990265e-310	6.94780366442377e-310	6.94780333471676e-310	6.94780367850187e-310	6.9478036195215e-310	6.94780329360023e-310
6.947803687482e-310	6.9478036812299e-310	6.94780365643887e-310	6.94780369547164e-310	6.94780333047017e-310	6.9478036902535e-310	6.94780365883964e-310	6.9478033225572e-310	6.94780369324005e-310	6.947803326754e-310	6.9478036225768e-310	6.9478033347231e-310	6.9478033233485e-310	6.9478036058513e-310	6.94780369168275e-310
6.9478036875231e-310	6.94780366992173e-310	6.9478036564444e-310	6.9478036653376e-310	6.9478263022903e-310	6.94780369025905e-310	6.947803604675e-310	6.947803663004e-310	6.9478036932875e-310	6.94782764616073e-310	6.947803598434e-310	6.94780369289697e-310	6.94780332335484e-310	6.94780360583153e-310	6.94780361388757e-310
6.94780368753023e-310	6.9478033258299e-310	6.94780365645785e-310	6.9478036654435e-310	6.9478033333334e-310	6.9478036902654e-310	6.94780360443234e-310	6.9478033253659e-310	6.9478036932938e-310	6.9478036894472e-310	6.9478036225618e-310	6.9478036445331e-310	6.94780367847025e-310	6.9478036902132e-310	6.9478036139034e-310
6.94780368753813e-310	6.9478033268362e-310	6.9478036564634e-310	6.9478036654609e-310	6.94780361142515e-310	6.94780331020953e-310	6.94780360443787e-310	6.9478036702885e-310	6.947803323724e-310	6.94780368697213e-310	6.94780361315003e-310	6.94780332371135e-310	6.94780332336195e-310	6.9478262915039e-310	6.9478036139081e-310
6.94780368754525e-310	6.94780318156274e-310	6.9478032920461e-310	6.9478036654688e-310	6.9478036758853e-310	6.9478036903966e-310	6.9478036044426e-310	6.94780367029327e-310	6.94780367159523e-310	6.9478036607898e-310	6.9478036131619e-310	6.94780332118174e-310	6.94780332336827e-310	6.9478262914849e-310	6.94780361391287e-310
6.94780368755157e-310	6.94780368880927e-310	6.94780329205163e-310	6.9478033229833e-310	6.94780361913573e-310	6.94780363761063e-310	6.94780360448135e-310	6.94780367030117e-310	6.94780367160155e-310	6.94780332460225e-310	6.9478036131674e-310	6.94780330428785e-310	6.9478033233738e-310	6.94780328847143e-310	6.947803618746e-310
6.9478036875563e-310	6.9478036888156e-310	6.94780329206507e-310	6.9478033230236e-310	6.94780330660127e-310	6.9478036907373e-310	6.94780333451835e-310	6.94780367033516e-310	6.94782765399147e-310	6.9478036703083e-310	6.94780361317374e-310	6.94780366292813e-310	6.94780332338013e-310	6.9478036457125e-310	6.94780361875866e-310
6.94780368756106e-310	6.9478036693502e-310	6.9478032920706e-310	6.94780332302836e-310	6.94780317037433e-310	6.94780369079976e-310	6.94780360427503e-310	6.94780362112306e-310	6.94780367160867e-310	6.94780363753158e-310	6.94780333623532e-310	6.9478036924622e-310	6.94780366553443e-310	6.9478276461805e-310	6.94780362544554e-310
6.94780368756896e-310	6.94780367768844e-310	6.9478036250171e-310	6.9478033230347e-310	6.94780361561324e-310	6.94780366305184e-310	6.94780331451304e-310	6.9478036703399e-310	6.947803671615e-310	6.94780362330486e-310	6.9478033362535e-310	6.9478036924851e-310	6.94780366554075e-310	6.94780360447147e-310	6.94780362545187e-310
6.9478036875745e-310	6.9478036776987e-310	6.9478036996281e-310	6.9478031794442e-310	6.9478263047298e-310	6.9478036058351e-310	6.94780366227517e-310	6.94780362513804e-310	6.9478036716205e-310	6.94780362331197e-310	6.94780333625825e-310	6.9478036924938e-310	6.947803318328e-310	6.94782768300657e-310	6.9478036254574e-310
6.9478036875832e-310	6.94780360178573e-310	6.9478033076396e-310	6.94780332294377e-310	6.94782630473456e-310	6.94780360592244e-310	6.94780365484443e-310	6.9478036251428e-310	6.94780367162685e-310	6.94780363752367e-310	6.94780333626457e-310	6.947803692527e-310	6.94780331835726e-310	6.94782768303384e-310	6.947803620678e-310
6.9478036876156e-310	6.94780331996594e-310	6.94780369152386e-310	6.9478036169587e-310	6.94782630474246e-310	6.94780360609477e-310	6.94780332391847e-310	6.9478036251491e-310	6.94780365371005e-310	6.94780369227563e-310	6.94780333631596e-310	6.94780364454573e-310	6.9478033310093e-310	6.94782768303937e-310	6.94780362068433e-310
6.94780368764564e-310	6.94780331997226e-310	6.9478036107864e-310	6.9478036169634e-310	6.947826304748e-310	6.94780360586236e-310	6.9478033345231e-310	6.9478036251594e-310	6.94782765396776e-310	6.9478036233175e-310	6.9478033363278e-310	6.94780369254914e-310	6.94780363842445e-310	6.94782768186547e-310	6.9478036139176e-310
6.94780368765355e-310	6.94780362567953e-310	6.94780359842134e-310	6.9478036837785e-310	6.9478036688759e-310	6.9478036058679e-310	6.9478036172583e-310	6.9478036989198e-310	6.94780328962636e-310	6.94780369228986e-310	6.94780368866776e-310	6.94780369257286e-310	6.9478033183379e-310	6.9478276819042e-310	6.94780362069145e-310
6.9478036876591e-310	6.94780333664757e-310	6.94780362566135e-310	6.947803683901e-310	6.9478036689897e-310	6.94780360587264e-310	6.9478036908227e-310	6.9478036251744e-310	6.94780328963426e-310	6.9478036922962e-310	6.9478033259303e-310	6.94780369259657e-310	6.9478036185468e-310	6.94780331693673e-310	6.94780362069777e-310
6.94780368766303e-310	6.94780333140534e-310	6.94780362566847e-310	6.94780368394134e-310	6.9478036690601e-310	6.94780360593667e-310	6.9478263062444e-310	6.9478036251823e-310	6.94780328965323e-310	6.9478036544705e-310	6.94780333633335e-310	6.9478036926875e-310	6.9478036240673e-310	6.9478036434335e-310	6.9478036207033e-310
6.9478033233896e-310	6.94780361040065e-310	6.9478033202537e-310	6.9478036839461e-310	6.9478263022745e-310	6.9478036165089e-310	6.9478016016669e-310	6.94780362518784e-310	6.9478033367128e-310	6.94780329340497e-310	6.9478036255831e-310	6.9478036927112e-310	6.94780360020828e-310	6.947803643941e-310	6.94780362070963e-310
6.94780368771837e-310	6.9478036621131e-310	6.9478033202608e-310	6.9478036839524e-310	6.9478036169832e-310	6.9478036057074e-310	6.9478033345294e-310	6.9478033337397e-310	6.9478036152097e-310	6.94780331615966e-310	6.94780362559574e-310	6.9478036926511e-310	6.947803331399e-310	6.94780365700804e-310	6.94780367697857e-310
6.9478036877239e-310	6.9478036621234e-310	6.9478036909207e-310	6.94780369021795e-310	6.94782766509965e-310	6.94780361974205e-310	6.94780333453495e-310	6.94780362520207e-310	6.947803286824e-310	6.94780365447684e-310	6.94780362547637e-310	6.94780360963386e-310	6.94780333144565e-310	6.94780364400186e-310	6.9478036769849e-310
6.94780368772864e-310	6.94780366212893e-310	6.94780359762293e-310	6.94780364432913e-310	6.9478036689933e-310	6.94780368322435e-310	6.94780333454127e-310	6.94780333374523e-310	6.9478033200873e-310	6.94780361589545e-310	6.9478036254906e-310	6.94780369288116e-310	6.9478033314512e-310	6.94780363540354e-310	6.9478036769928e-310
6.9478036877421e-310	6.94780359812174e-310	6.94780333215395e-310	6.94780367052567e-310	6.94780366901225e-310	6.94780368323146e-310	6.9478036622815e-310	6.94780333375e-310	6.94780332007345e-310	6.9478036159018e-310	6.94780362549535e-310	6.94780369290487e-310	6.947803331282e-310	6.94780331936437e-310	6.94780367701177e-310
6.94780368775236e-310	6.94780359812806e-310	6.94780333216106e-310	6.94780367431377e-310	6.94780366897945e-310	6.94780367906076e-310	6.9478036172662e-310	6.9478016094767e-310	6.9478033311903e-310	6.947803615916e-310	6.94780362550483e-310	6.9478036929112e-310	6.94780333128676e-310	6.9478033193691e-310	6.94780328708567e-310
6.9478036877816e-310	6.9478035981336e-310	6.9478035977826e-310	6.947803691795e-310	6.9478036690735e-310	6.94780368342434e-310	6.94780361727884e-310	6.94780333385195e-310	6.94780333119744e-310	6.94780359763953e-310	6.9478036255088e-310	6.9478036863002e-310	6.9478033012041e-310	6.947803319377e-310	6.9478036381881e-310
6.9478033267627e-310	6.94780359813834e-310	6.9478033168316e-310	6.94780369190093e-310	6.94780366907905e-310	6.947803683237e-310	6.94780366205304e-310	6.94780362515464e-310	6.94780333120376e-310	6.94780359765613e-310	6.94780362499337e-310	6.94780332443625e-310	6.9478033313421e-310	6.94780363541223e-310	6.94780332423546e-310
6.9478036877089e-310	6.94780360182604e-310	6.94780365897244e-310	6.9478036919183e-310	6.9478036690996e-310	6.94780369701155e-310	6.94780366205857e-310	6.94780333376974e-310	6.9478036945349e-310	6.94780359766245e-310	6.9478036723731e-310	6.94780367810266e-310	6.9478033313492e-310	6.9478036221337e-310	6.94780328774456e-310
6.9478032910034e-310	6.9478036018316e-310	6.94780365897956e-310	6.94780369192623e-310	6.9478036691067e-310	6.94780369435466e-310	6.9478036620649e-310	6.9478033338883e-310	6.94780361873337e-310	6.94780332568445e-310	6.94780333270177e-310	6.94780369439735e-310	6.94780333135554e-310	6.9478036690067e-310	6.94780359844663e-310
6.9478033267809e-310	6.9478036018363e-310	6.9478036029201e-310	6.9478036920527e-310	6.94780366911304e-310	6.94780332641844e-310	6.9478036620712e-310	6.9478033338962e-310	6.94780369871113e-310	6.9478033256908e-310	6.9478036250408e-310	6.94780369204164e-310	6.94780333136186e-310	6.9478036374877e-310	6.94780359845296e-310
6.94780332681804e-310	6.9478036693423e-310	6.94780366093685e-310	6.94780332519513e-310	6.9478033064001e-310	6.9478036165223e-310	6.94780366207755e-310	6.94780333390175e-310	6.9478036644285e-310	6.947803305291e-310	6.94780333678077e-310	6.94780367293355e-310	6.9478036108228e-310	6.94780364482596e-310	6.9478035984577e-310
6.9478036935586e-310	6.9478036693565e-310	6.94780329217416e-310	6.94780332519987e-310	6.94780366919525e-310	6.94780361652786e-310	6.9478036620965e-310	6.9478031806339e-310	6.94780361878554e-310	6.94780369229974e-310	6.94780333469503e-310	6.9478033054744e-310	6.9478036235349e-310	6.947826306195e-310	6.94780359846403e-310
6.94780332688365e-310	6.9478036017944e-310	6.94780329218206e-310	6.9478033252062e-310	6.94780368900294e-310	6.9478036165342e-310	6.9478036982874e-310	6.9478036053446e-310	6.94780361883376e-310	6.9478036539148e-310	6.9478036888488e-310	6.94780365448317e-310	6.94780362353964e-310	6.9478263062298e-310	6.94780359847035e-310
6.9478033268884e-310	6.94780360180075e-310	6.94780360290904e-310	6.9478036917365e-310	6.94780366920593e-310	6.9478036181642e-310	6.9478036982985e-310	6.9478036051011e-310	6.94780366235897e-310	6.94780330560405e-310	6.9478036968756e-310	6.947803672879e-310	6.9478036901646e-310	6.9478036136765e-310	6.947803315283e-310
6.9478033268963e-310	6.94780333256185e-310	6.94780329222554e-310	6.94780369340605e-310	6.94780366936205e-310	6.94780368330024e-310	6.94780328871095e-310	6.94780333381006e-310	6.94780333118163e-310	6.9478033056167e-310	6.94780367528214e-310	6.9478033008887e-310	6.947803645839e-310	6.94780363715213e-310	6.9478033152893e-310
6.94780332690183e-310	6.9478033199794e-310	6.9478032922358e-310	6.9478036631819e-310	6.94780366942055e-310	6.9478036833129e-310	6.94780360482206e-310	6.94780367286043e-310	6.9478036188543e-310	6.94780318077065e-310	6.94780369688823e-310	6.94780332767336e-310	6.9478276766177e-310	6.94780363715846e-310	6.94782764442636e-310
6.94780332690657e-310	6.9478032876501e-310	6.9478032922469e-310	6.94780362214993e-310	6.9478036694427e-310	6.94780368343067e-310	6.94780329213305e-310	6.9478033338215e-310	6.94780361887803e-310	6.94780368104492e-310	6.94780369689455e-310	6.9478036061343e-310	6.94780333611596e-310	6.9478036371806e-310	6.9478036674585e-310
6.9478033269129e-310	6.9478036231697e-310	6.9478032922516e-310	6.94780362507163e-310	6.9478036694506e-310	6.9478036834362e-310	6.94780361666106e-310	6.94780332921564e-310	6.9478036188867e-310	6.94780362332225e-310	6.94780366737867e-310	6.94780367288533e-310	6.94780333660765e-310	6.9478036371885e-310	6.9478036584278e-310
6.94780332691843e-310	6.94780367770346e-310	6.94780329225795e-310	6.9478036253744e-310	6.9478033051926e-310	6.94780368344253e-310	6.94780368209116e-310	6.9478031396549e-310	6.94780361890016e-310	6.94780330562934e-310	6.9478036968993e-310	6.9478033276876e-310	6.94780331793355e-310	6.9478036372865e-310	6.94780360352247e-310
6.9478033269232e-310	6.9478036231768e-310	6.9478032922635e-310	6.9478036253918e-310	6.9478033063416e-310	6.94780368344885e-310	6.94780369575464e-310	6.9478033339081e-310	6.9478036189073e-310	6.94780368105204e-310	6.9478036673858e-310	6.9478033276939e-310	6.947803302212e-310	6.94782630676853e-310	6.94782764618524e-310
6.94780332694136e-310	6.9478036231831e-310	6.9478032922856e-310	6.9478036253997e-310	6.94780161653115e-310	6.94780368345517e-310	6.9478036586831e-310	6.9478033339136e-310	6.9478036189381e-310	6.94780369449537e-310	6.9478036673921e-310	6.94780362254913e-310	6.9478036901298e-310	6.9478036919539e-310	6.94780330049027e-310
6.9478033269469e-310	6.9478036987467e-310	6.94780329229115e-310	6.94780362552618e-310	6.9478015786549e-310	6.94780368347415e-310	6.94780365868786e-310	6.94780361279944e-310	6.9478036189468e-310	6.9478036945088e-310	6.94780366739844e-310	6.9478036153176e-310	6.94780330948977e-310	6.94780364402004e-310	6.9478276461702e-310
6.94780332695163e-310	6.94780369875303e-310	6.9478032923133e-310	6.9478036255665e-310	6.94780364427537e-310	6.9478036835366e-310	6.94780365869577e-310	6.9478033239398e-310	6.9478033201462e-310	6.94780368105915e-310	6.9478033234979e-310	6.9478276367316e-310	6.94780333617604e-310	6.94780365940406e-310	6.94782763752446e-310
6.94780331289645e-310	6.94780369875935e-310	6.9478032923188e-310	6.94780362557123e-310	6.94780316537003e-310	6.94780368355004e-310	6.9478036587013e-310	6.94780332394613e-310	6.9478036190306e-310	6.947803654495e-310	6.94780332350424e-310	6.94780361303224e-310	6.94780333618236e-310	6.94780369196733e-310	6.9478276375363e-310
6.94780368785354e-310	6.9478033325255e-310	6.94780329233937e-310	6.94780362557756e-310	6.94780365809577e-310	6.9478036183405e-310	6.94780365871e-310	6.94780332396985e-310	6.94780361903613e-310	6.9478036652514e-310	6.94780332351057e-310	6.94780369586927e-310	6.94780333738867e-310	6.94780332494454e-310	6.94782764294496e-310
6.9478015955448e-310	6.9478033325318e-310	6.94780359803715e-310	6.94780361727093e-310	6.94780330627756e-310	6.9478036061422e-310	6.94780369603685e-310	6.94782768190895e-310	6.94780361904087e-310	6.94780361333264e-310	6.94780366159534e-310	6.9478036102481e-310	6.9478033373966e-310	6.94780369786055e-310	6.9478276429513e-310
6.9478036878907e-310	6.94780333665824e-310	6.9478035980435e-310	6.94780369611195e-310	6.94780330628546e-310	6.9478033189304e-310	6.9478036961072e-310	6.9478036256977e-310	6.9478036190543e-310	6.9478035976482e-310	6.9478036723146e-310	6.9478032889299e-310	6.947803337463e-310	6.94780318149634e-310	6.9478276429568e-310
6.9478036879002e-310	6.94780333666457e-310	6.9478035980577e-310	6.94780367026797e-310	6.947803306291e-310	6.947803694461e-310	6.947803698274e-310	6.947803625708e-310	6.9478036056189e-310	6.94780332567655e-310	6.94780369868267e-310	6.9478032885655e-310	6.9478033376464e-310	6.9478036914725e-310	6.947827642975e-310
6.94780363803987e-310	6.947803334731e-310	6.94780359806403e-310	6.947803663038e-310	6.94780330629495e-310	6.9478036630218e-310	6.9478016081937e-310	6.9478036257167e-310	6.94780361910253e-310	6.94780332569947e-310	6.94780360422286e-310	6.94780361532115e-310	6.94780361370496e-310	6.9478036914796e-310	6.94782764297974e-310
6.9478036380446e-310	6.94780333474364e-310	6.9478035980751e-310	6.9478033254236e-310	6.9478036944693e-310	6.94780361697765e-310	6.9478033109534e-310	6.9478036257325e-310	6.94780361910806e-310	6.9478036548112e-310	6.9478015900674e-310	6.947803672947e-310	6.947803619063e-310	6.9478036914851e-310	6.94782764298606e-310
