d_val	e_val	j_val	lambda_val	mu_val1	mu_val2	Julia_sum_lq_nFv5	rootstates_lnL_nFv5	Julia_total_lnLs1_nFv5	Julia_sum_lq_nFv6	rootstates_lnL_nFv6	Julia_total_lnLs1_nFv6	Julia_sum_lq_GFv6	rootstates_lnL_GFv6	Julia_total_lnLs1_GFv6
0.0	0.0	0.0	0.3	0.0	0.0	-4.495748576969988	-2.9957322735539913	-7.491480850523979	-4.495748576969988	-2.9957322735539913	-7.491480850523979	-4.495720874252926	-2.9957322735539913	-7.491453147806918
0.0	0.0	0.0	0.3	0.0	0.5	-5.414328841925112	-2.9957322735539913	-8.410061115479103	-5.414328841925112	-2.9957322735539913	-8.410061115479103	-5.414162488762701	-2.9957322735539913	-8.409894762316693
0.0	0.0	0.0	0.3	0.0	1.0	-6.53939528538337	-2.9957322735539913	-9.535127558937361	-6.53939528538337	-2.9957322735539913	-9.535127558937361	-6.539360549545779	-2.9957322735539913	-9.53509282309977
0.0	0.0	0.0	0.3	0.5	0.0	-5.188621703414544	-3.086673863419841	-8.275295566834385	-5.188621703414544	-3.086673863419841	-8.275295566834385	-5.188595112365755	-3.086681840269469	-8.275276952635224
0.0	0.0	0.0	0.3	0.5	0.5	-6.085580462218729	-3.1055839442293567	-9.191164406448086	-6.085580462218729	-3.1055839442293567	-9.191164406448086	-6.085586529554905	-3.105584709387841	-9.191171238942745
0.0	0.0	0.0	0.3	0.5	1.0	-7.17212492779608	-3.139793913759647	-10.311918841555727	-7.17212492779608	-3.139793913759647	-10.311918841555727	-7.172034070799107	-3.1397975005089642	-10.31183157130807
0.0	0.0	0.0	0.3	1.0	0.0	-6.029589373401455	-3.1023949007580196	-9.131984274159475	-6.029589373401455	-3.1023949007580196	-9.131984274159475	-6.029647087574602	-3.102396208541286	-9.132043296115889
0.0	0.0	0.0	0.3	1.0	0.5	-6.92541777634641	-3.1216719370103894	-10.0470897133568	-6.92541777634641	-3.1216719370103894	-10.0470897133568	-6.925465198127894	-3.1216755774861147	-10.047140775614007
0.0	0.0	0.0	0.3	1.0	1.0	-8.010606274546078	-3.155927759362575	-11.166534033908652	-8.010606274546078	-3.155927759362575	-11.166534033908652	-8.01046034259983	-3.1559274521378966	-11.166387794737727
0.0	0.0	0.1	0.3	0.0	0.0	-3.7884111647764294	-2.894811493313907	-6.683222658090337	-3.7884111647764294	-2.894811493313907	-6.683222658090337	-3.7883890587010263	-2.894811493313907	-6.683200552014933
0.0	0.0	0.1	0.3	0.0	0.5	-4.841991776397267	-3.0242986798629796	-7.866290456260247	-4.841991776397267	-3.0242986798629796	-7.866290456260247	-4.841959149129527	-3.0243303533489683	-7.8662895024784945
0.0	0.0	0.1	0.3	0.0	1.0	-6.088563316624023	-3.178476927829433	-9.267040244453456	-6.088563316624023	-3.178476927829433	-9.267040244453456	-6.088620573225917	-3.1785286774260686	-9.267149250651986
0.0	0.0	0.1	0.3	0.5	0.0	-4.216493486070407	-2.832309826882073	-7.048803312952479	-4.216493486070407	-2.832309826882073	-7.048803312952479	-4.216516530272707	-2.8322923552950945	-7.0488088855678015
0.0	0.0	0.1	0.3	0.5	0.5	-5.242305794149681	-2.994410269961376	-8.236716064111057	-5.242305794149681	-2.994410269961376	-8.236716064111057	-5.242349051359267	-2.9944095303368083	-8.236758581696076
0.0	0.0	0.1	0.3	0.5	1.0	-6.450786263194057	-3.2156302480597465	-9.666416511253804	-6.450786263194057	-3.2156302480597465	-9.666416511253804	-6.450752622298058	-3.2156809877043404	-9.666433610002398
0.0	0.0	0.1	0.3	1.0	0.0	-4.81973305483093	-2.6239211705264274	-7.443654225357358	-4.81973305483093	-2.6239211705264274	-7.443654225357358	-4.8198673464577455	-2.623836046130859	-7.4437033925886045
0.0	0.0	0.1	0.3	1.0	0.5	-5.8548469200446345	-2.787187354144134	-8.642034274188768	-5.8548469200446345	-2.787187354144134	-8.642034274188768	-5.854975619965696	-2.7871452839595845	-8.642120903925282
0.0	0.0	0.1	0.3	1.0	1.0	-7.088339398816734	-3.0416009436146223	-10.129940342431356	-7.088339398816734	-3.0416009436146223	-10.129940342431356	-7.088429406937751	-3.041596291527353	-10.130025698465104
0.0	0.0	1.0	0.3	0.0	0.0	-2.7909948570949377	-2.842478487383763	-5.6334733444787	-2.7909948570949377	-2.842478487383763	-5.6334733444787	-2.790972782014501	-2.842478487383763	-5.633451269398265
0.0	0.0	1.0	0.3	0.0	0.5	-4.151797042880325	-2.8205341348112527	-6.9723311776915775	-4.151797042880325	-2.8205341348112527	-6.9723311776915775	-4.151588380961616	-2.820537938830095	-6.972126319791711
0.0	0.0	1.0	0.3	0.0	1.0	-5.590936345396006	-2.792561253989577	-8.383497599385583	-5.590936345396006	-2.792561253989577	-8.383497599385583	-5.591205530333969	-2.792556204357456	-8.383761734691426
0.0	0.0	1.0	0.3	0.5	0.0	-2.981505669649657	-2.987473816000203	-5.96897948564986	-2.981505669649657	-2.987473816000203	-5.96897948564986	-2.981471048661078	-2.9874795396530507	-5.9689505883141285
0.0	0.0	1.0	0.3	0.5	0.5	-4.280204436069808	-3.014379205675495	-7.294583641745303	-4.280204436069808	-3.014379205675495	-7.294583641745303	-4.2802119531508485	-3.014380865228893	-7.2945928183797415
0.0	0.0	1.0	0.3	0.5	1.0	-5.628679313093011	-3.0531941705934225	-8.681873483686434	-5.628679313093011	-3.0531941705934225	-8.681873483686434	-5.628531151259975	-3.0532028905056596	-8.681734041765635
0.0	0.0	1.0	0.3	1.0	0.0	-3.435014903437378	-3.017426404676262	-6.45244130811364	-3.435014903437378	-3.017426404676262	-6.45244130811364	-3.4350465509184476	-3.01742646921716	-6.452473020135608
0.0	0.0	1.0	0.3	1.0	0.5	-4.770049405226058	-3.051137578018303	-7.8211869832443615	-4.770049405226058	-3.051137578018303	-7.8211869832443615	-4.770006102562439	-3.0511446057796854	-7.821150708342124
0.0	0.0	1.0	0.3	1.0	1.0	-6.167604188888983	-3.0879842166775275	-9.255588405566511	-6.167604188888983	-3.0879842166775275	-9.255588405566511	-6.167597489694929	-3.087985346405172	-9.2555828361001
0.0	0.5	0.0	0.3	0.0	0.0	-4.64648634485207	-3.3550416558641487	-8.001528000716219	-4.64648634485207	-3.3550416558641487	-8.001528000716219	-4.6465937461510105	-3.3550401072073766	-8.001633853358387
0.0	0.5	0.0	0.3	0.0	0.5	-5.4665911492326185	-3.4273014839590483	-8.893892633191667	-5.4665911492326185	-3.4273014839590483	-8.893892633191667	-5.4667212340668065	-3.4273148060752785	-8.894036040142085
0.0	0.5	0.0	0.3	0.0	1.0	-6.426076811016065	-3.5541229474670955	-9.98019975848316	-6.426076811016065	-3.5541229474670955	-9.98019975848316	-6.426048252919451	-3.5541554913034332	-9.980203744222884
0.0	0.5	0.0	0.3	0.5	0.0	-5.544229643225131	-3.3145626851653174	-8.858792328390448	-5.544229643225131	-3.3145626851653174	-8.858792328390448	-5.544073101968227	-3.314556119571785	-8.858629221540012
0.0	0.5	0.0	0.3	0.5	0.5	-6.391698677054901	-3.365957567955496	-9.757656245010397	-6.391698677054901	-3.365957567955496	-9.757656245010397	-6.3915904089843725	-3.3659428408524943	-9.757533249836866
0.0	0.5	0.0	0.3	0.5	1.0	-7.39742246765734	-3.4551815500700513	-10.85260401772739	-7.39742246765734	-3.4551815500700513	-10.85260401772739	-7.397666301327513	-3.455182063585784	-10.852848364913298
0.0	0.5	0.0	0.3	1.0	0.0	-6.4920813672450555	-3.2717647246568204	-9.763846091901875	-6.4920813672450555	-3.2717647246568204	-9.763846091901875	-6.492280830238089	-3.271762215278365	-9.764043045516454
0.0	0.5	0.0	0.3	1.0	0.5	-7.359485863202983	-3.3084990050371537	-10.667984868240136	-7.359485863202983	-3.3084990050371537	-10.667984868240136	-7.3599214875266155	-3.3085033522190113	-10.668424839745626
0.0	0.5	0.0	0.3	1.0	1.0	-8.398676520373025	-3.3713027338069677	-11.769979254179992	-8.398676520373025	-3.3713027338069677	-11.769979254179992	-8.399007082875954	-3.37132817342803	-11.770335256303984
0.0	0.5	0.1	0.3	0.0	0.0	-3.4664935544208877	-3.1791016020033593	-6.645595156424247	-3.4664935544208877	-3.1791016020033593	-6.645595156424247	-3.466512098610325	-3.1790876817934484	-6.645599780403773
0.0	0.5	0.1	0.3	0.0	0.5	-4.4392475378504646	-3.3494397954970143	-7.788687333347479	-4.4392475378504646	-3.3494397954970143	-7.788687333347479	-4.439266140818939	-3.349438230675018	-7.788704371493957
0.0	0.5	0.1	0.3	0.0	1.0	-5.546768306280521	-3.5509630087525097	-9.09773131503303	-5.546768306280521	-3.5509630087525097	-9.09773131503303	-5.546790376429672	-3.5509804383038985	-9.09777081473357
0.0	0.5	0.1	0.3	0.5	0.0	-4.024679805366654	-3.0125402885944457	-7.0372200939611	-4.024679805366654	-3.0125402885944457	-7.0372200939611	-4.024655060193741	-3.012568616900913	-7.037223677094653
0.0	0.5	0.1	0.3	0.5	0.5	-5.023996611912506	-3.183942173312146	-8.207938785224652	-5.023996611912506	-3.183942173312146	-8.207938785224652	-5.023950378562995	-3.183972409429327	-8.207922787992322
0.0	0.5	0.1	0.3	0.5	1.0	-6.187944152840208	-3.410674612294308	-9.598618765134516	-6.187944152840208	-3.410674612294308	-9.598618765134516	-6.1879506504835575	-3.410665556286385	-9.598616206769943
0.0	0.5	0.1	0.3	1.0	0.0	-4.668303153521716	-2.7786570901555465	-7.446960243677262	-4.668303153521716	-2.7786570901555465	-7.446960243677262	-4.668216748761333	-2.778739616477542	-7.446956365238876
0.0	0.5	0.1	0.3	1.0	0.5	-5.6951592623975325	-2.9415592993810575	-8.63671856177859	-5.6951592623975325	-2.9415592993810575	-8.63671856177859	-5.6950777910194255	-2.9416266034510046	-8.63670439447043
0.0	0.5	0.1	0.3	1.0	1.0	-6.916694851128936	-3.1889722676544263	-10.105667118783362	-6.916694851128936	-3.1889722676544263	-10.105667118783362	-6.916767500477806	-3.188959732175209	-10.105727232653015
0.0	0.5	1.0	0.3	0.0	0.0	-2.2611416362414074	-3.3029937874150774	-5.564135423656484	-2.2611416362414074	-3.3029937874150774	-5.564135423656484	-2.2611346030356514	-3.3030002479662697	-5.564134851001921
0.0	0.5	1.0	0.3	0.0	0.5	-3.493600341761728	-3.362281875910544	-6.8558822176722725	-3.493600341761728	-3.362281875910544	-6.8558822176722725	-3.493595502701268	-3.362288426019801	-6.855883928721069
0.0	0.5	1.0	0.3	0.0	1.0	-4.733730449467296	-3.4562758100302107	-8.190006259497506	-4.733730449467296	-3.4562758100302107	-8.190006259497506	-4.733725658466515	-3.4562262387482443	-8.189951897214758
0.0	0.5	1.0	0.3	0.5	0.0	-2.6308234912603785	-3.2930910758774634	-5.923914567137842	-2.6308234912603785	-3.2930910758774634	-5.923914567137842	-2.630833277924113	-3.2930887556329616	-5.923922033557075
0.0	0.5	1.0	0.3	0.5	0.5	-3.886892830793454	-3.335305709484964	-7.222198540278418	-3.886892830793454	-3.335305709484964	-7.222198540278418	-3.8868899825498655	-3.3352981621258455	-7.222188144675711
0.0	0.5	1.0	0.3	0.5	1.0	-5.178237864314793	-3.3973848862266682	-8.575622750541461	-5.178237864314793	-3.3973848862266682	-8.575622750541461	-5.178220973035877	-3.397385411767635	-8.575606384803512
0.0	0.5	1.0	0.3	1.0	0.0	-3.1544173966080398	-3.2726556584059505	-6.42707305501399	-3.1544173966080398	-3.2726556584059505	-6.42707305501399	-3.1544488892844367	-3.2726687084966133	-6.42711759778105
0.0	0.5	1.0	0.3	1.0	0.5	-4.466895050527227	-3.307260420213732	-7.7741554707409595	-4.466895050527227	-3.307260420213732	-7.7741554707409595	-4.466891196225735	-3.3072629903728865	-7.774154186598621
0.0	0.5	1.0	0.3	1.0	1.0	-5.837501605472299	-3.3489758931427303	-9.186477498615028	-5.837501605472299	-3.3489758931427303	-9.186477498615028	-5.837506712166296	-3.3489708697043463	-9.186477581870642
0.0	1.0	0.0	0.3	0.0	0.0	-5.473323263807737	-3.395072387551137	-8.868395651358874	-5.473323263807737	-3.395072387551137	-8.868395651358874	-5.472867870449919	-3.3950710701061686	-8.867938940556087
0.0	1.0	0.0	0.3	0.0	0.5	-6.3193445132226085	-3.4452402083401426	-9.764584721562752	-6.3193445132226085	-3.4452402083401426	-9.764584721562752	-6.319270577381467	-3.445246321906033	-9.7645168992875
0.0	1.0	0.0	0.3	0.0	1.0	-7.325311964645964	-3.529840275574622	-10.855152240220587	-7.325311964645964	-3.529840275574622	-10.855152240220587	-7.325196144979454	-3.5298378594962774	-10.855034004475732
0.0	1.0	0.0	0.3	0.5	0.0	-6.375420316291537	-3.358500513844921	-9.733920830136459	-6.375420316291537	-3.358500513844921	-9.733920830136459	-6.374738976317156	-3.358500955212738	-9.733239931529894
0.0	1.0	0.0	0.3	0.5	0.5	-7.239539420766484	-3.396496489192191	-10.636035909958675	-7.239539420766484	-3.396496489192191	-10.636035909958675	-7.2386111790323895	-3.3964948790018665	-10.635106058034257
0.0	1.0	0.0	0.3	0.5	1.0	-8.274904997869468	-3.4595045784420098	-11.734409576311478	-8.274904997869468	-3.4595045784420098	-11.734409576311478	-8.274791636988013	-3.459517763015926	-11.734309400003939
0.0	1.0	0.0	0.3	1.0	0.0	-7.324087244788906	-3.3206510740811113	-10.644738318870017	-7.324087244788906	-3.3206510740811113	-10.644738318870017	-7.321276906332949	-3.3206555939785964	-10.641932500311546
0.0	1.0	0.0	0.3	1.0	0.5	-8.201965632579817	-3.34972921698838	-11.551694849568197	-8.201965632579817	-3.34972921698838	-11.551694849568197	-8.200171652213779	-3.349734242173294	-11.549905894387074
0.0	1.0	0.0	0.3	1.0	1.0	-9.259175203037163	-3.3972010292008132	-12.656376232237976	-9.259175203037163	-3.3972010292008132	-12.656376232237976	-9.256431947754706	-3.3971944822975155	-12.65362643005222
0.0	1.0	0.1	0.3	0.0	0.0	-3.550813265784853	-3.114083352296248	-6.664896618081102	-3.550813265784853	-3.114083352296248	-6.664896618081102	-3.550765017791235	-3.1141229533256327	-6.664887971116867
0.0	1.0	0.1	0.3	0.0	0.5	-4.575036820247359	-3.2596014914235485	-7.834638311670908	-4.575036820247359	-3.2596014914235485	-7.834638311670908	-4.575004567090028	-3.259629122022672	-7.8346336891126995
0.0	1.0	0.1	0.3	0.0	1.0	-5.76586221469532	-3.4410927539190337	-9.206954968614353	-5.76586221469532	-3.4410927539190337	-9.206954968614353	-5.7658243138007474	-3.4411073362799462	-9.206931650080694
0.0	1.0	0.1	0.3	0.5	0.0	-4.057478443560363	-2.983968108840651	-7.041446552401014	-4.057478443560363	-2.983968108840651	-7.041446552401014	-4.0574303714631155	-2.9840121156111405	-7.0414424870742565
0.0	1.0	0.1	0.3	0.5	0.5	-5.091322196588649	-3.131666927939992	-8.222989124528642	-5.091322196588649	-3.131666927939992	-8.222989124528642	-5.091232540598766	-3.131741662047962	-8.222974202646729
0.0	1.0	0.1	0.3	0.5	1.0	-6.311329760141233	-3.335457968418809	-9.646787728560042	-6.311329760141233	-3.335457968418809	-9.646787728560042	-6.311366129516694	-3.3354494628829796	-9.646815592399673
0.0	1.0	0.1	0.3	1.0	0.0	-4.662286030689435	-2.784671591228667	-7.446957621918102	-4.662286030689435	-2.784671591228667	-7.446957621918102	-4.662099174879257	-2.784856224053595	-7.446955398932852
0.0	1.0	0.1	0.3	1.0	0.5	-5.713138531104192	-2.9250856178728704	-8.638224148977063	-5.713138531104192	-2.9250856178728704	-8.638224148977063	-5.713004543309907	-2.925208526879757	-8.638213070189664
0.0	1.0	0.1	0.3	1.0	1.0	-6.975093898602748	-3.143593301691427	-10.118687200294175	-6.975093898602748	-3.143593301691427	-10.118687200294175	-6.974849313138815	-3.1437583802142934	-10.118607693353109
0.0	1.0	1.0	0.3	0.0	0.0	-2.1946026067108413	-3.350704889184937	-5.545307495895779	-2.1946026067108413	-3.350704889184937	-5.545307495895779	-2.194610096237012	-3.35070015808411	-5.545310254321122
0.0	1.0	1.0	0.3	0.0	0.5	-3.47877069626243	-3.372388808559805	-6.851159504822235	-3.47877069626243	-3.372388808559805	-6.851159504822235	-3.478770543949227	-3.372390086515223	-6.851160630464451
0.0	1.0	1.0	0.3	0.0	1.0	-4.8022398346975645	-3.4160602936487434	-8.218300128346307	-4.8022398346975645	-3.4160602936487434	-8.218300128346307	-4.802248799297677	-3.416063076579109	-8.218311875876786
0.0	1.0	1.0	0.3	0.5	0.0	-2.5497151572395174	-3.3535112140645444	-5.903226371304061	-2.5497151572395174	-3.3535112140645444	-5.903226371304061	-2.549721087903346	-3.35350953577001	-5.903230623673355
0.0	1.0	1.0	0.3	0.5	0.5	-3.835592785636032	-3.371206914480854	-7.2067997001168855	-3.835592785636032	-3.371206914480854	-7.2067997001168855	-3.835603830421444	-3.371203035036886	-7.206806865458329
0.0	1.0	1.0	0.3	0.5	1.0	-5.1717993580320964	-3.4016919629254745	-8.57349132095757	-5.1717993580320964	-3.4016919629254745	-8.57349132095757	-5.1718095639161925	-3.4016919610011698	-8.573501524917361
0.0	1.0	1.0	0.3	1.0	0.0	-3.062577683191604	-3.344879025203911	-6.4074567083955145	-3.062577683191604	-3.344879025203911	-6.4074567083955145	-3.062578982350355	-3.344875919678461	-6.407454902028816
0.0	1.0	1.0	0.3	1.0	0.5	-4.394192208578284	-3.360719259979116	-7.7549114685574	-4.394192208578284	-3.360719259979116	-7.7549114685574	-4.394189525278115	-3.3607080818370174	-7.754897607115133
0.0	1.0	1.0	0.3	1.0	1.0	-5.79376052178677	-3.379282280505534	-9.173042802292304	-5.79376052178677	-3.379282280505534	-9.173042802292304	-5.793759653847774	-3.3792661410826983	-9.173025794930473
0.5	0.0	0.0	0.3	0.0	0.0	-5.915159722243613	-2.8822069253690383	-8.797366647612652	-5.915159722243613	-2.8822069253690383	-8.797366647612652	-5.915224095404666	-2.8821864182503467	-8.797410513655013
0.5	0.0	0.0	0.3	0.0	0.5	-6.968798939026051	-2.953774717101499	-9.92257365612755	-6.968798939026051	-2.953774717101499	-9.92257365612755	-6.968750404436475	-2.9537900725186543	-9.92254047695513
0.5	0.0	0.0	0.3	0.0	1.0	-8.173506442806733	-3.039510185610192	-11.213016628416925	-8.173506442806733	-3.039510185610192	-11.213016628416925	-8.17360829744559	-3.0395101461485656	-11.213118443594155
0.5	0.0	0.0	0.3	0.5	0.0	-6.206261801230023	-2.8914893843970404	-9.097751185627065	-6.206261801230023	-2.8914893843970404	-9.097751185627065	-6.206237210281339	-2.8915043192936998	-9.097741529575039
0.5	0.0	0.0	0.3	0.5	0.5	-7.216911645331197	-3.0354873845142616	-10.252399029845458	-7.216911645331197	-3.0354873845142616	-10.252399029845458	-7.216818273769583	-3.035486488291068	-10.252304762060652
0.5	0.0	0.0	0.3	0.5	1.0	-8.33767869694838	-3.2222644508213114	-11.559943147769692	-8.33767869694838	-3.2222644508213114	-11.559943147769692	-8.337863282080118	-3.222295907591449	-11.560159189671566
0.5	0.0	0.0	0.3	1.0	0.0	-6.791162797653792	-2.7031326411910124	-9.494295438844805	-6.791162797653792	-2.7031326411910124	-9.494295438844805	-6.791098803922192	-2.7031290927220133	-9.494227896644205
0.5	0.0	0.0	0.3	1.0	0.5	-7.826626142406855	-2.8726228972663383	-10.699249039673195	-7.826626142406855	-2.8726228972663383	-10.699249039673195	-7.826553067861102	-2.872625679870412	-10.699178747731514
0.5	0.0	0.0	0.3	1.0	1.0	-8.974325488464423	-3.0958661878944316	-12.070191676358855	-8.974325488464423	-3.0958661878944316	-12.070191676358855	-8.974315891897529	-3.095862131763766	-12.070178023661295
0.5	0.0	0.1	0.3	0.0	0.0	-5.615708319172054	-2.765885383376716	-8.38159370254877	-5.615708319172054	-2.765885383376716	-8.38159370254877	-5.61578156464034	-2.765877540970764	-8.381659105611103
0.5	0.0	0.1	0.3	0.0	0.5	-6.758759483261378	-2.8879554930128952	-9.646714976274273	-6.758759483261378	-2.8879554930128952	-9.646714976274273	-6.758633718969895	-2.8879570564043937	-9.646590775374289
0.5	0.0	0.1	0.3	0.0	1.0	-8.03336009184968	-3.0206205674596265	-11.053980659309307	-8.03336009184968	-3.0206205674596265	-11.053980659309307	-8.033380641559084	-3.0206209622272118	-11.054001603786297
0.5	0.0	0.1	0.3	0.5	0.0	-5.785946718296156	-2.790040150076317	-8.575986868372473	-5.785946718296156	-2.790040150076317	-8.575986868372473	-5.785884906366802	-2.7900542640357098	-8.575939170402512
0.5	0.0	0.1	0.3	0.5	0.5	-6.876501233811624	-2.983428107410424	-9.859929341222047	-6.876501233811624	-2.983428107410424	-9.859929341222047	-6.876483997627101	-2.9834254804658724	-9.859909478092973
0.5	0.0	0.1	0.3	0.5	1.0	-8.055728042451584	-3.210795953413546	-11.26652399586513	-8.055728042451584	-3.210795953413546	-11.26652399586513	-8.05567721605166	-3.2108214292319524	-11.266498645283612
0.5	0.0	0.1	0.3	1.0	0.0	-6.277115502033751	-2.606691777675617	-8.883807279709368	-6.277115502033751	-2.606691777675617	-8.883807279709368	-6.277105647861544	-2.606662683929853	-8.883768331791396
0.5	0.0	0.1	0.3	1.0	0.5	-7.399770511416269	-2.81310976206017	-10.212880273476438	-7.399770511416269	-2.81310976206017	-10.212880273476438	-7.3997301003483	-2.8130757425993136	-10.212805842947613
0.5	0.0	0.1	0.3	1.0	1.0	-8.617135747589948	-3.0727046851772326	-11.68984043276718	-8.617135747589948	-3.0727046851772326	-11.68984043276718	-8.617163753192857	-3.0727256358120463	-11.689889389004904
0.5	0.0	1.0	0.3	0.0	0.0	-4.987938539853034	-2.8911389283537074	-7.8790774682067415	-4.987938539853034	-2.8911389283537074	-7.8790774682067415	-4.988056336524854	-2.891147753645415	-7.879204090170269
0.5	0.0	1.0	0.3	0.0	0.5	-6.379262997972422	-2.8729001156127043	-9.252163113585127	-6.379262997972422	-2.8729001156127043	-9.252163113585127	-6.379327929031075	-2.8728966436775223	-9.252224572708597
0.5	0.0	1.0	0.3	0.0	1.0	-7.818127656886448	-2.8514617887342086	-10.669589445620657	-7.818127656886448	-2.8514617887342086	-10.669589445620657	-7.817787657636555	-2.8514738660289467	-10.6692615236655
0.5	0.0	1.0	0.3	0.5	0.0	-4.983188993314614	-3.050076561933622	-8.033265555248235	-4.983188993314614	-3.050076561933622	-8.033265555248235	-4.983216694609851	-3.0500882131535567	-8.033304907763409
0.5	0.0	1.0	0.3	0.5	0.5	-6.279382633376363	-3.0909392044538704	-9.370321837830232	-6.279382633376363	-3.0909392044538704	-9.370321837830232	-6.279358776510486	-3.0909343342370357	-9.370293110747522
0.5	0.0	1.0	0.3	0.5	1.0	-7.563905920526221	-3.150580621457932	-10.714486541984153	-7.563905920526221	-3.150580621457932	-10.714486541984153	-7.564042827799842	-3.1506107531213137	-10.714653580921155
0.5	0.0	1.0	0.3	1.0	0.0	-5.373514694006895	-3.0711865527108335	-8.444701246717727	-5.373514694006895	-3.0711865527108335	-8.444701246717727	-5.3734576414424335	-3.071189455994383	-8.444647097436818
0.5	0.0	1.0	0.3	1.0	0.5	-6.717944510499809	-3.1133300111171534	-9.831274521616962	-6.717944510499809	-3.1133300111171534	-9.831274521616962	-6.717960587845697	-3.1133332838035743	-9.831293871649272
0.5	0.0	1.0	0.3	1.0	1.0	-8.058535872256293	-3.165495981147482	-11.224031853403774	-8.058535872256293	-3.165495981147482	-11.224031853403774	-8.058391037585002	-3.165485480715134	-11.223876518300136
0.5	0.5	0.0	0.3	0.0	0.0	-4.169241790843081	-3.2779125792038664	-7.447154370046947	-4.169241790843081	-3.2779125792038664	-7.447154370046947	-4.169248278998602	-3.277917742736242	-7.447166021734843
0.5	0.5	0.0	0.3	0.0	0.5	-4.9296038891328315	-3.4981286106464426	-8.427732499779275	-4.9296038891328315	-3.4981286106464426	-8.427732499779275	-4.929599504786992	-3.4981134638705607	-8.427712968657552
0.5	0.5	0.0	0.3	0.0	1.0	-5.692222641942651	-3.5716631249643873	-9.263885766907038	-5.692222641942651	-3.5716631249643873	-9.263885766907038	-5.692201869736766	-3.5716577243654686	-9.263859594102234
0.5	0.5	0.0	0.3	0.5	0.0	-4.841616243849131	-2.9716309370517915	-7.813247180900923	-4.841616243849131	-2.9716309370517915	-7.813247180900923	-4.841616258076464	-2.9716370442431796	-7.813253302319644
0.5	0.5	0.0	0.3	0.5	0.5	-5.737989847374217	-3.2772499333972642	-9.01523978077148	-5.737989847374217	-3.2772499333972642	-9.01523978077148	-5.737945390153895	-3.2772489688319326	-9.015194358985827
0.5	0.5	0.0	0.3	0.5	1.0	-6.64999706510334	-3.516195406263643	-10.166192471366983	-6.64999706510334	-3.516195406263643	-10.166192471366983	-6.649985000058367	-3.5161868231073665	-10.166171823165733
0.5	0.5	0.0	0.3	1.0	0.0	-5.528106812375981	-2.60144125854346	-8.12954807091944	-5.528106812375981	-2.60144125854346	-8.12954807091944	-5.52809198710623	-2.6014495935139124	-8.129541580620142
0.5	0.5	0.0	0.3	1.0	0.5	-6.566144197440446	-2.912320476097879	-9.478464673538324	-6.566144197440446	-2.912320476097879	-9.478464673538324	-6.566160992511438	-2.9123001717765016	-9.478461164287939
0.5	0.5	0.0	0.3	1.0	1.0	-7.639758690364603	-3.2775843662038953	-10.917343056568498	-7.639758690364603	-3.2775843662038953	-10.917343056568498	-7.639891445297201	-3.277596084172013	-10.917487529469215
0.5	0.5	0.1	0.3	0.0	0.0	-3.927873332314419	-3.2945885693901107	-7.22246190170453	-3.927873332314419	-3.2945885693901107	-7.22246190170453	-3.9278787411137097	-3.294582904965898	-7.222461646079608
0.5	0.5	0.1	0.3	0.0	0.5	-4.73709798203185	-3.475451105949561	-8.212549087981412	-4.73709798203185	-3.475451105949561	-8.212549087981412	-4.737096888668033	-3.475453523536276	-8.212550412204308
0.5	0.5	0.1	0.3	0.0	1.0	-5.537363103987867	-3.5418175444880045	-9.079180648475871	-5.537363103987867	-3.5418175444880045	-9.079180648475871	-5.537333867175066	-3.5418116934299357	-9.079145560605003
0.5	0.5	0.1	0.3	0.5	0.0	-4.530173333764021	-3.065925360939182	-7.596098694703203	-4.530173333764021	-3.065925360939182	-7.596098694703203	-4.530163568287124	-3.0659280618316815	-7.5960916301188055
0.5	0.5	0.1	0.3	0.5	0.5	-5.4733995495239665	-3.3100072226878217	-8.783406772211787	-5.4733995495239665	-3.3100072226878217	-8.783406772211787	-5.473368089789135	-3.3100140687843336	-8.783382158573469
0.5	0.5	0.1	0.3	0.5	1.0	-6.4268784881953245	-3.486188879969754	-9.913067368165079	-6.4268784881953245	-3.486188879969754	-9.913067368165079	-6.426873879543959	-3.4861983316487732	-9.913072211192732
0.5	0.5	0.1	0.3	1.0	0.0	-5.177847586909906	-2.7784601196261614	-7.956307706536068	-5.177847586909906	-2.7784601196261614	-7.956307706536068	-5.1778371567899715	-2.7784882315945842	-7.956325388384556
0.5	0.5	0.1	0.3	1.0	0.5	-6.252659306151644	-3.0422731088626094	-9.294932415014253	-6.252659306151644	-3.0422731088626094	-9.294932415014253	-6.252664290545807	-3.0422799717291196	-9.294944262274926
0.5	0.5	0.1	0.3	1.0	1.0	-7.361445986151713	-3.3185893449105546	-10.680035331062268	-7.361445986151713	-3.3185893449105546	-10.680035331062268	-7.361491501610688	-3.31860659958115	-10.680098101191838
0.5	0.5	1.0	0.3	0.0	0.0	-3.3833637554098392	-3.3595134943762828	-6.7428772497861225	-3.3833637554098392	-3.3595134943762828	-6.7428772497861225	-3.3833682232363786	-3.3595164235063955	-6.742884646742774
0.5	0.5	1.0	0.3	0.0	0.5	-4.332041293940543	-3.424574902612446	-7.756616196552989	-4.332041293940543	-3.424574902612446	-7.756616196552989	-4.332034944437803	-3.4245694466852274	-7.75660439112303
0.5	0.5	1.0	0.3	0.0	1.0	-5.20676391036239	-3.498623389397706	-8.705387299760096	-5.20676391036239	-3.498623389397706	-8.705387299760096	-5.20680017371616	-3.4986601050061887	-8.705460278722349
0.5	0.5	1.0	0.3	0.5	0.0	-3.8744545887027106	-3.325186062163299	-7.19964065086601	-3.8744545887027106	-3.325186062163299	-7.19964065086601	-3.8744514342048357	-3.325191695184223	-7.199643129389059
0.5	0.5	1.0	0.3	0.5	0.5	-4.9666885754230155	-3.3725721849434422	-8.339260760366457	-4.9666885754230155	-3.3725721849434422	-8.339260760366457	-4.966693315708468	-3.3725768062004384	-8.339270121908907
0.5	0.5	1.0	0.3	0.5	1.0	-6.008026923374844	-3.4329881477386386	-9.441015071113483	-6.008026923374844	-3.4329881477386386	-9.441015071113483	-6.007977001684503	-3.432953598224525	-9.440930599909027
0.5	0.5	1.0	0.3	1.0	0.0	-4.467739488703389	-3.295535726565711	-7.7632752152691	-4.467739488703389	-3.295535726565711	-7.7632752152691	-4.467738480993198	-3.295540651712714	-7.763279132705912
0.5	0.5	1.0	0.3	1.0	0.5	-5.691527464642091	-3.3321056753806224	-9.023633140022714	-5.691527464642091	-3.3321056753806224	-9.023633140022714	-5.691532001719411	-3.3321090635653263	-9.023641065284737
0.5	0.5	1.0	0.3	1.0	1.0	-6.885873361626615	-3.3782399634040554	-10.26411332503067	-6.885873361626615	-3.3782399634040554	-10.26411332503067	-6.885858689974582	-3.3782357488906407	-10.264094438865223
0.5	1.0	0.0	0.3	0.0	0.0	-3.7451652345746917	-3.290974534436741	-7.036139769011433	-3.7451652345746917	-3.290974534436741	-7.036139769011433	-3.7451587825334403	-3.2909924334633303	-7.036151215996771
0.5	1.0	0.0	0.3	0.0	0.5	-4.528002836598959	-3.4780425120538068	-8.006045348652766	-4.528002836598959	-3.4780425120538068	-8.006045348652766	-4.5279990452205965	-3.4780577247398705	-8.006056769960466
0.5	1.0	0.0	0.3	0.0	1.0	-5.311689914392146	-3.476994149874475	-8.788684064266622	-5.311689914392146	-3.476994149874475	-8.788684064266622	-5.311682332255774	-3.476997892316089	-8.788680224571863
0.5	1.0	0.0	0.3	0.5	0.0	-4.403837342007	-2.9951960917242353	-7.399033433731235	-4.403837342007	-2.9951960917242353	-7.399033433731235	-4.403820728577897	-2.9952076996373105	-7.399028428215208
0.5	1.0	0.0	0.3	0.5	0.5	-5.330995507180539	-3.2890142157525006	-8.62000972293304	-5.330995507180539	-3.2890142157525006	-8.62000972293304	-5.3309733520185105	-3.2890462533003735	-8.620019605318884
0.5	1.0	0.0	0.3	0.5	1.0	-6.270901056780083	-3.4865947324662288	-9.757495789246311	-6.270901056780083	-3.4865947324662288	-9.757495789246311	-6.270878261028898	-3.4866463405992496	-9.757524601628148
0.5	1.0	0.0	0.3	1.0	0.0	-5.053592773916736	-2.639847353768555	-7.693440127685291	-5.053592773916736	-2.639847353768555	-7.693440127685291	-5.053470034670453	-2.6400755060056924	-7.693545540676146
0.5	1.0	0.0	0.3	1.0	0.5	-6.132320426274757	-2.935607323888932	-9.067927750163689	-6.132320426274757	-2.935607323888932	-9.067927750163689	-6.132295445649893	-2.9357081462979515	-9.068003591947845
0.5	1.0	0.0	0.3	1.0	1.0	-7.247393031146676	-3.288358570988716	-10.535751602135392	-7.247393031146676	-3.288358570988716	-10.535751602135392	-7.247377676609924	-3.288399856688726	-10.53577753329865
0.5	1.0	0.1	0.3	0.0	0.0	-3.5192790401128944	-3.319989687126541	-6.8392687272394355	-3.5192790401128944	-3.319989687126541	-6.8392687272394355	-3.5192746207803873	-3.320002345929911	-6.839276966710298
0.5	1.0	0.1	0.3	0.0	0.5	-4.343838748262818	-3.462185403394811	-7.806024151657629	-4.343838748262818	-3.462185403394811	-7.806024151657629	-4.343832713663276	-3.4622059888499614	-7.806038702513238
0.5	1.0	0.1	0.3	0.0	1.0	-5.161931899944399	-3.4705087907184184	-8.632440690662818	-5.161931899944399	-3.4705087907184184	-8.632440690662818	-5.161918142070375	-3.470520519264602	-8.632438661334977
0.5	1.0	0.1	0.3	0.5	0.0	-4.123404218622373	-3.1088083812059017	-7.232212599828275	-4.123404218622373	-3.1088083812059017	-7.232212599828275	-4.12338824810687	-3.1088152417484776	-7.2322034898553476
0.5	1.0	0.1	0.3	0.5	0.5	-5.087188979989465	-3.3297257468948667	-8.416914726884333	-5.087188979989465	-3.3297257468948667	-8.416914726884333	-5.087172708921241	-3.329753293730187	-8.416926002651428
0.5	1.0	0.1	0.3	0.5	1.0	-6.061966941659019	-3.464663017350701	-9.526629959009721	-6.061966941659019	-3.464663017350701	-9.526629959009721	-6.061939128420585	-3.4646971619782594	-9.526636290398844
0.5	1.0	0.1	0.3	1.0	0.0	-4.7512139214472455	-2.839055362443714	-7.59026928389096	-4.7512139214472455	-2.839055362443714	-7.59026928389096	-4.7512423249995805	-2.8390260699034737	-7.590268394903054
0.5	1.0	0.1	0.3	1.0	0.5	-5.854014158369673	-3.0848556653785093	-8.938869823748183	-5.854014158369673	-3.0848556653785093	-8.938869823748183	-5.853999930122345	-3.0849137766860357	-8.938913706808382
0.5	1.0	0.1	0.3	1.0	1.0	-6.9917469403884684	-3.335321639240425	-10.327068579628893	-6.9917469403884684	-3.335321639240425	-10.327068579628893	-6.991746223436328	-3.3353431397410427	-10.327089363177372
0.5	1.0	1.0	0.3	0.0	0.0	-2.99905548254925	-3.388207440823424	-6.387262923372674	-2.99905548254925	-3.388207440823424	-6.387262923372674	-2.99905950597769	-3.3882044417294646	-6.387263947707154
0.5	1.0	1.0	0.3	0.0	0.5	-3.9525292791726017	-3.428113827321195	-7.380643106493796	-3.9525292791726017	-3.428113827321195	-7.380643106493796	-3.9525375722335987	-3.4281064786760735	-7.380644050909672
0.5	1.0	1.0	0.3	0.0	1.0	-4.843496310316519	-3.478779856698195	-8.322276167014714	-4.843496310316519	-3.478779856698195	-8.322276167014714	-4.8435123744177115	-3.4787813089621666	-8.322293683379879
0.5	1.0	1.0	0.3	0.5	0.0	-3.5119166698109265	-3.3666775721780082	-6.878594241988935	-3.5119166698109265	-3.3666775721780082	-6.878594241988935	-3.5119164613303857	-3.3666749281033312	-6.878591389433717
0.5	1.0	1.0	0.3	0.5	0.5	-4.60816474284818	-3.393214449206898	-8.001379192055078	-4.60816474284818	-3.393214449206898	-8.001379192055078	-4.608172432583803	-3.3932203171115773	-8.00139274969538
0.5	1.0	1.0	0.3	0.5	1.0	-5.663854098353046	-3.43211685054985	-9.095970948902895	-5.663854098353046	-3.43211685054985	-9.095970948902895	-5.663828817741204	-3.4321094957794567	-9.09593831352066
0.5	1.0	1.0	0.3	1.0	0.0	-4.107985436170237	-3.349727235865781	-7.457712672036018	-4.107985436170237	-3.349727235865781	-7.457712672036018	-4.107994440918336	-3.34972524056144	-7.457719681479777
0.5	1.0	1.0	0.3	1.0	0.5	-5.335814935778185	-3.368403393195918	-8.704218328974102	-5.335814935778185	-3.368403393195918	-8.704218328974102	-5.335834827933324	-3.368401430834342	-8.704236258767665
0.5	1.0	1.0	0.3	1.0	1.0	-6.543068404041927	-3.395234461626346	-9.938302865668273	-6.543068404041927	-3.395234461626346	-9.938302865668273	-6.543051241528623	-3.395205043403015	-9.938256284931638
1.0	0.0	0.0	0.3	0.0	0.0	-7.678425317461889	-2.667894659145636	-10.346319976607525	-7.678425317461889	-2.667894659145636	-10.346319976607525	-7.6784838254704395	-2.6679120618287766	-10.346395887299217
1.0	0.0	0.0	0.3	0.0	0.5	-8.812591763802146	-2.756639478402522	-11.569231242204669	-8.812591763802146	-2.756639478402522	-11.569231242204669	-8.812555966366343	-2.756682733513125	-11.569238699879469
1.0	0.0	0.0	0.3	0.0	1.0	-10.05772073923502	-2.85598517905446	-12.91370591828948	-10.05772073923502	-2.85598517905446	-12.91370591828948	-10.057517671536932	-2.856033595964151	-12.913551267501083
1.0	0.0	0.0	0.3	0.5	0.0	-7.651244085173461	-2.804875273049205	-10.456119358222667	-7.651244085173461	-2.804875273049205	-10.456119358222667	-7.651205970632322	-2.804891893166318	-10.45609786379864
1.0	0.0	0.0	0.3	0.5	0.5	-8.687876467841704	-3.0143228725668627	-11.702199340408567	-8.687876467841704	-3.0143228725668627	-11.702199340408567	-8.687670762460977	-3.0143194114298266	-11.701990173890803
1.0	0.0	0.0	0.3	0.5	1.0	-9.761859957898025	-3.2581622099359095	-13.020022167833934	-9.761859957898025	-3.2581622099359095	-13.020022167833934	-9.762023423576117	-3.2581726111359606	-13.020196034712079
1.0	0.0	0.0	0.3	1.0	0.0	-8.115511012962063	-2.61952657688998	-10.735037589852043	-8.115511012962063	-2.61952657688998	-10.735037589852043	-8.115566261115195	-2.6195210466748393	-10.735087307790034
1.0	0.0	0.0	0.3	1.0	0.5	-9.19303503331678	-2.849348560779267	-12.042383594096048	-9.19303503331678	-2.849348560779267	-12.042383594096048	-9.193057978260615	-2.849366374570075	-12.04242435283069
1.0	0.0	0.0	0.3	1.0	1.0	-10.308522034396944	-3.1254019114475646	-13.433923945844509	-10.308522034396944	-3.1254019114475646	-13.433923945844509	-10.308598104915426	-3.125434064184217	-13.434032169099643
1.0	0.0	0.1	0.3	0.0	0.0	-7.5238963576931805	-2.707454550131651	-10.231350907824831	-7.5238963576931805	-2.707454550131651	-10.231350907824831	-7.523935402886497	-2.7074560190244923	-10.23139142191099
1.0	0.0	0.1	0.3	0.0	0.5	-8.724066146236243	-2.8193520118185953	-11.543418158054838	-8.724066146236243	-2.8193520118185953	-11.543418158054838	-8.72416341145932	-2.819356112660708	-11.543519524120029
1.0	0.0	0.1	0.3	0.0	1.0	-10.018905989540604	-2.933080318198963	-12.951986307739567	-10.018905989540604	-2.933080318198963	-12.951986307739567	-10.019694098309074	-2.9330953570638574	-12.952789455372931
1.0	0.0	0.1	0.3	0.5	0.0	-7.424685858138079	-2.8444637578365657	-10.269149615974644	-7.424685858138079	-2.8444637578365657	-10.269149615974644	-7.424533887842413	-2.8444876976913562	-10.26902158553377
1.0	0.0	0.1	0.3	0.5	0.5	-8.514863099515807	-3.061948561934934	-11.57681166145074	-8.514863099515807	-3.061948561934934	-11.57681166145074	-8.514737222342184	-3.061942831922395	-11.576680054264578
1.0	0.0	0.1	0.3	0.5	1.0	-9.623014273018395	-3.285338291737527	-12.908352564755923	-9.623014273018395	-3.285338291737527	-12.908352564755923	-9.623007096506214	-3.2853328369585517	-12.908339933464767
1.0	0.0	0.1	0.3	1.0	0.0	-7.83756259675569	-2.6771053252331614	-10.514667921988853	-7.83756259675569	-2.6771053252331614	-10.514667921988853	-7.837545736229637	-2.6771226485826065	-10.514668384812243
1.0	0.0	0.1	0.3	1.0	0.5	-8.974211410785623	-2.912942949279726	-11.887154360065349	-8.974211410785623	-2.912942949279726	-11.887154360065349	-8.974178278276646	-2.9129656039332485	-11.887143882209894
1.0	0.0	0.1	0.3	1.0	1.0	-10.131016887401008	-3.1710071584200543	-13.302024045821064	-10.131016887401008	-3.1710071584200543	-13.302024045821064	-10.131098291051739	-3.171022668221864	-13.302120959273603
1.0	0.0	1.0	0.3	0.0	0.0	-7.129649048704582	-2.933268776944793	-10.062917825649375	-7.129649048704582	-2.933268776944793	-10.062917825649375	-7.129670624062693	-2.9332640290715775	-10.06293465313427
1.0	0.0	1.0	0.3	0.0	0.5	-8.531839105231548	-2.919168701058553	-11.4510078062901	-8.531839105231548	-2.919168701058553	-11.4510078062901	-8.53188192096354	-2.9191690677011404	-11.451050988664681
1.0	0.0	1.0	0.3	0.0	1.0	-9.966373950144773	-2.9032744474635193	-12.869648397608291	-9.966373950144773	-2.9032744474635193	-12.869648397608291	-9.965995958678372	-2.903281990233793	-12.869277948912165
1.0	0.0	1.0	0.3	0.5	0.0	-6.903326210344639	-3.1128648837016026	-10.016191094046242	-6.903326210344639	-3.1128648837016026	-10.016191094046242	-6.903310814977465	-3.1128770425234964	-10.016187857500961
1.0	0.0	1.0	0.3	0.5	0.5	-8.144775928206482	-3.168171863003083	-11.312947791209565	-8.144775928206482	-3.168171863003083	-11.312947791209565	-8.144698124235251	-3.168163037538417	-11.312861161773668
1.0	0.0	1.0	0.3	0.5	1.0	-9.329214548842671	-3.2421314692175627	-12.571346018060234	-9.329214548842671	-3.2421314692175627	-12.571346018060234	-9.329024958889978	-3.2421213570897223	-12.5711463159797
1.0	0.0	1.0	0.3	1.0	0.0	-7.251563253478165	-3.1237886147933787	-10.375351868271544	-7.251563253478165	-3.1237886147933787	-10.375351868271544	-7.251748471036039	-3.123801529598948	-10.375550000634988
1.0	0.0	1.0	0.3	1.0	0.5	-8.548324599354697	-3.1746227478786637	-11.72294734723336	-8.548324599354697	-3.1746227478786637	-11.72294734723336	-8.548219436414842	-3.174605913842802	-11.722825350257644
1.0	0.0	1.0	0.3	1.0	1.0	-9.793937311772543	-3.237504283711279	-13.031441595483823	-9.793937311772543	-3.237504283711279	-13.031441595483823	-9.793850443919007	-3.237484284318224	-13.031334728237232
1.0	0.5	0.0	0.3	0.0	0.0	-4.665129628897141	-3.3631743054955034	-8.028303934392644	-4.665129628897141	-3.3631743054955034	-8.028303934392644	-4.6651318390425525	-3.3631766327371255	-8.028308471779678
1.0	0.5	0.0	0.3	0.0	0.5	-5.324054977261177	-3.464450728347099	-8.788505705608276	-5.324054977261177	-3.464450728347099	-8.788505705608276	-5.3240714597246575	-3.4644621261243462	-8.788533585849004
1.0	0.5	0.0	0.3	0.0	1.0	-5.948513799787015	-3.4251720377416452	-9.373685837528662	-5.948513799787015	-3.4251720377416452	-9.373685837528662	-5.9484963413397605	-3.4251738549960584	-9.37367019633582
1.0	0.5	0.0	0.3	0.5	0.0	-5.376148545579424	-3.1235938261074603	-8.499742371686885	-5.376148545579424	-3.1235938261074603	-8.499742371686885	-5.376149324936738	-3.1235963845999324	-8.49974570953667
1.0	0.5	0.0	0.3	0.5	0.5	-6.202187832676212	-3.364970937682154	-9.567158770358366	-6.202187832676212	-3.364970937682154	-9.567158770358366	-6.20219215323718	-3.3649865717560394	-9.56717872499322
1.0	0.5	0.0	0.3	0.5	1.0	-6.987981279247938	-3.457049153457347	-10.445030432705284	-6.987981279247938	-3.457049153457347	-10.445030432705284	-6.988023550676875	-3.457064453763398	-10.445088004440272
1.0	0.5	0.0	0.3	1.0	0.0	-6.114479627487988	-2.774517960786637	-8.888997588274625	-6.114479627487988	-2.774517960786637	-8.888997588274625	-6.114483474375842	-2.7745121515226794	-8.88899562589852
1.0	0.5	0.0	0.3	1.0	0.5	-7.117442103666553	-3.091404506262589	-10.208846609929143	-7.117442103666553	-3.091404506262589	-10.208846609929143	-7.1173814912915905	-3.0914232220947744	-10.208804713386364
1.0	0.5	0.0	0.3	1.0	1.0	-8.083782585324228	-3.3662174904576214	-11.45000007578185	-8.083782585324228	-3.3662174904576214	-11.45000007578185	-8.083741161497576	-3.366238026491935	-11.449979187989511
1.0	0.5	0.1	0.3	0.0	0.0	-4.57206635231167	-3.3705127242008057	-7.942579076512476	-4.57206635231167	-3.3705127242008057	-7.942579076512476	-4.572064966326916	-3.370509422946707	-7.942574389273624
1.0	0.5	0.1	0.3	0.0	0.5	-5.254497466652011	-3.4554287661535925	-8.709926232805604	-5.254497466652011	-3.4554287661535925	-8.709926232805604	-5.254530463755707	-3.4554291205649346	-8.709959584320641
1.0	0.5	0.1	0.3	0.0	1.0	-5.894567740431832	-3.4380652258670077	-9.332632966298839	-5.894567740431832	-3.4380652258670077	-9.332632966298839	-5.894564708526849	-3.4380667814070387	-9.332631489933888
1.0	0.5	0.1	0.3	0.5	0.0	-5.249206818832047	-3.1904770968228977	-8.439683915654944	-5.249206818832047	-3.1904770968228977	-8.439683915654944	-5.24920380760399	-3.190481326098178	-8.439685133702168
1.0	0.5	0.1	0.3	0.5	0.5	-6.101572539642715	-3.376069007658848	-9.477641547301562	-6.101572539642715	-3.376069007658848	-9.477641547301562	-6.101585639409989	-3.3760705431106715	-9.477656182520661
1.0	0.5	0.1	0.3	0.5	1.0	-6.907734256812894	-3.4487986692743435	-10.356532926087237	-6.907734256812894	-3.4487986692743435	-10.356532926087237	-6.907768853458059	-3.448796923113901	-10.35656577657196
1.0	0.5	0.1	0.3	1.0	0.0	-5.968787939314197	-2.9244402108879686	-8.893228150202166	-5.968787939314197	-2.9244402108879686	-8.893228150202166	-5.968814496356913	-2.924458729348358	-8.893273225705272
1.0	0.5	0.1	0.3	1.0	0.5	-6.994599937601045	-3.180551871969871	-10.175151809570917	-6.994599937601045	-3.180551871969871	-10.175151809570917	-6.9946397982511765	-3.1805689372651567	-10.175208735516334
1.0	0.5	0.1	0.3	1.0	1.0	-7.978748195395791	-3.3790560198675976	-11.35780421526339	-7.978748195395791	-3.3790560198675976	-11.35780421526339	-7.978762784305457	-3.3790627359867145	-11.35782552029217
1.0	0.5	1.0	0.3	0.0	0.0	-4.309768975721505	-3.3838388076960992	-7.693607783417605	-4.309768975721505	-3.3838388076960992	-7.693607783417605	-4.309756409703489	-3.383819472924774	-7.693575882628263
1.0	0.5	1.0	0.3	0.0	0.5	-5.0707182561776865	-3.43651795747618	-8.507236213653867	-5.0707182561776865	-3.43651795747618	-8.507236213653867	-5.070728819732128	-3.436508651962831	-8.50723747169496
1.0	0.5	1.0	0.3	0.0	1.0	-5.757052877368617	-3.488100693324857	-9.245153570693473	-5.757052877368617	-3.488100693324857	-9.245153570693473	-5.75703973620568	-3.488088618404501	-9.24512835461018
1.0	0.5	1.0	0.3	0.5	0.0	-4.92194375515698	-3.3443111621459725	-8.266254917302952	-4.92194375515698	-3.3443111621459725	-8.266254917302952	-4.921937133563246	-3.3443076479843676	-8.266244781547613
1.0	0.5	1.0	0.3	0.5	0.5	-5.861553363797027	-3.388929781013609	-9.250483144810635	-5.861553363797027	-3.388929781013609	-9.250483144810635	-5.861519575157553	-3.3889195681206963	-9.25043914327825
1.0	0.5	1.0	0.3	0.5	1.0	-6.724097244134661	-3.438349632195852	-10.162446876330513	-6.724097244134661	-3.438349632195852	-10.162446876330513	-6.724064672704358	-3.4383395383583513	-10.162404211062709
1.0	0.5	1.0	0.3	1.0	0.0	-5.61664136143503	-3.311049565476894	-8.927690926911923	-5.61664136143503	-3.311049565476894	-8.927690926911923	-5.616655921035746	-3.3110510543838028	-8.927706975419548
1.0	0.5	1.0	0.3	1.0	0.5	-6.723070600939281	-3.3478234188055302	-10.070894019744811	-6.723070600939281	-3.3478234188055302	-10.070894019744811	-6.723088028576792	-3.3478336394169097	-10.070921667993701
1.0	0.5	1.0	0.3	1.0	1.0	-7.756582026210512	-3.3912236904794066	-11.147805716689918	-7.756582026210512	-3.3912236904794066	-11.147805716689918	-7.756502673336323	-3.391224460892461	-11.147727134228784
1.0	1.0	0.0	0.3	0.0	0.0	-3.9485233248344183	-3.3779736854803146	-7.326497010314733	-3.9485233248344183	-3.3779736854803146	-7.326497010314733	-3.948506573632277	-3.3779894983827963	-7.326496072015074
1.0	1.0	0.0	0.3	0.0	0.5	-4.626881608657804	-3.437735751791724	-8.064617360449528	-4.626881608657804	-3.437735751791724	-8.064617360449528	-4.62690099601586	-3.4377470553803033	-8.064648051396164
1.0	1.0	0.0	0.3	0.0	1.0	-5.274052551631942	-3.357911859992723	-8.631964411624665	-5.274052551631942	-3.357911859992723	-8.631964411624665	-5.274053169833747	-3.357919337341765	-8.631972507175512
1.0	1.0	0.0	0.3	0.5	0.0	-4.671288412447225	-3.1742333757596173	-7.845521788206843	-4.671288412447225	-3.1742333757596173	-7.845521788206843	-4.6712782354065165	-3.174247816355951	-7.845526051762468
1.0	1.0	0.0	0.3	0.5	0.5	-5.520923916735951	-3.377825691934429	-8.89874960867038	-5.520923916735951	-3.377825691934429	-8.89874960867038	-5.520932518987234	-3.377837259456723	-8.898769778443956
1.0	1.0	0.0	0.3	0.5	1.0	-6.333898675005187	-3.426376175501255	-9.760274850506443	-6.333898675005187	-3.426376175501255	-9.760274850506443	-6.333940079261875	-3.42639153771327	-9.760331616975146
1.0	1.0	0.0	0.3	1.0	0.0	-5.396575395643811	-2.857078051513103	-8.253653447156914	-5.396575395643811	-2.857078051513103	-8.253653447156914	-5.396545516095677	-2.8570955478125994	-8.253641063908276
1.0	1.0	0.0	0.3	1.0	0.5	-6.427639782634617	-3.1413467175876275	-9.568986500222245	-6.427639782634617	-3.1413467175876275	-9.568986500222245	-6.427647951731951	-3.1413696135225853	-9.569017565254537
1.0	1.0	0.0	0.3	1.0	1.0	-7.428826016222857	-3.3778648917165333	-10.806690907939391	-7.428826016222857	-3.3778648917165333	-10.806690907939391	-7.428819351316448	-3.3778930333853143	-10.806712384701761
1.0	1.0	0.1	0.3	0.0	0.0	-3.8710652452498895	-3.3847378803251105	-7.2558031255749995	-3.8710652452498895	-3.3847378803251105	-7.2558031255749995	-3.8710497352297524	-3.384746259518142	-7.255795994747894
1.0	1.0	0.1	0.3	0.0	0.5	-4.568295797902589	-3.4349746703067945	-8.003270468209383	-4.568295797902589	-3.4349746703067945	-8.003270468209383	-4.568298679269237	-3.4349780124245393	-8.003276691693776
1.0	1.0	0.1	0.3	0.0	1.0	-5.228162418637618	-3.386360038241329	-8.614522456878948	-5.228162418637618	-3.386360038241329	-8.614522456878948	-5.228161410536833	-3.3863654538331045	-8.614526864369937
1.0	1.0	0.1	0.3	0.5	0.0	-4.567052674596935	-3.235092633310511	-7.8021453079074465	-4.567052674596935	-3.235092633310511	-7.8021453079074465	-4.567046319042722	-3.2351103358232014	-7.802156654865923
1.0	1.0	0.1	0.3	0.5	0.5	-5.437718734688312	-3.386917434208733	-8.824636168897046	-5.437718734688312	-3.386917434208733	-8.824636168897046	-5.437723472151342	-3.3869217743903435	-8.824645246541685
1.0	1.0	0.1	0.3	0.5	1.0	-6.267194351719631	-3.4266982819248115	-9.693892633644442	-6.267194351719631	-3.4266982819248115	-9.693892633644442	-6.267270691606473	-3.4266934036729166	-9.69396409527939
1.0	1.0	0.1	0.3	1.0	0.0	-5.280347201159596	-2.9992959842252023	-8.2796431853848	-5.280347201159596	-2.9992959842252023	-8.2796431853848	-5.280341458201032	-2.999343268530387	-8.279684726731418
1.0	1.0	0.1	0.3	1.0	0.5	-6.328596660176597	-3.2232899348423047	-9.551886595018901	-6.328596660176597	-3.2232899348423047	-9.551886595018901	-6.328583514839362	-3.2233124290763815	-9.551895943915744
1.0	1.0	0.1	0.3	1.0	1.0	-7.341804602354868	-3.388151178117507	-10.729955780472375	-7.341804602354868	-3.388151178117507	-10.729955780472375	-7.341778324140785	-3.38817772918894	-10.729956053329726
1.0	1.0	1.0	0.3	0.0	0.0	-3.6466802486299605	-3.3976952470813226	-7.044375495711283	-3.6466802486299605	-3.3976952470813226	-7.044375495711283	-3.6466677651246515	-3.397689188403279	-7.044356953527931
1.0	1.0	1.0	0.3	0.0	0.5	-4.412108280223318	-3.4332193934335	-7.8453276736568185	-4.412108280223318	-3.4332193934335	-7.8453276736568185	-4.412104359541681	-3.433198247281581	-7.845302606823262
1.0	1.0	1.0	0.3	0.0	1.0	-5.114841495538499	-3.4713353049276017	-8.5861768004661	-5.114841495538499	-3.4713353049276017	-8.5861768004661	-5.114834547435529	-3.471342807169904	-8.586177354605432
1.0	1.0	1.0	0.3	0.5	0.0	-4.289683090060351	-3.370879278274435	-7.660562368334786	-4.289683090060351	-3.370879278274435	-7.660562368334786	-4.289690640888304	-3.3708780266377736	-7.6605686675260785
1.0	1.0	1.0	0.3	0.5	0.5	-5.233463702184692	-3.398918885086861	-8.632382587271554	-5.233463702184692	-3.398918885086861	-8.632382587271554	-5.233473609703389	-3.3989167214226947	-8.632390331126084
1.0	1.0	1.0	0.3	0.5	1.0	-6.112764101912365	-3.433425394683511	-9.546189496595876	-6.112764101912365	-3.433425394683511	-9.546189496595876	-6.112770463687517	-3.4334214141488104	-9.546191877836328
1.0	1.0	1.0	0.3	1.0	0.0	-4.991509674059537	-3.3501518237610766	-8.341661497820613	-4.991509674059537	-3.3501518237610766	-8.341661497820613	-4.991544956370446	-3.3501565344618114	-8.341701490832257
1.0	1.0	1.0	0.3	1.0	0.5	-6.102218057433884	-3.371408425001841	-9.473626482435725	-6.102218057433884	-3.371408425001841	-9.473626482435725	-6.102215587367414	-3.371408142680144	-9.473623730047558
1.0	1.0	1.0	0.3	1.0	1.0	-7.152101662344981	-3.3994390417507194	-10.5515407040957	-7.152101662344981	-3.3994390417507194	-10.5515407040957	-7.152120735305446	-3.399428478615196	-10.55154921392064
