d_val	e_val	j_val	lambda_val	mu_val1	mu_val2	Julia_sum_lq_nFv5	rootstates_lnL_nFv5	Julia_total_lnLs1_nFv5	Julia_sum_lq_nFv6	rootstates_lnL_nFv6	Julia_total_lnLs1_nFv6	Julia_sum_lq_GFv6	rootstates_lnL_GFv6	Julia_total_lnLs1_GFv6
0.0	0.0	0.0	0.3	0.0	0.0	-4.495732271326334	-2.9957322735539913	-7.491464544880325	-4.495732271326334	-2.9957322735539913	-7.491464544880325	-3.895732316150303	-2.9957322735539913	-6.891464589704294
0.0	0.0	0.0	0.3	0.0	0.5	-5.414314844694269	-2.9957322735539913	-8.410047118248261	-5.414314844694269	-2.9957322735539913	-8.410047118248261	-4.806333845714578	-2.9957322735539913	-7.802066119268569
0.0	0.0	0.0	0.3	0.0	1.0	-6.539350313949695	-2.9957322735539913	-9.535082587503688	-6.539350313949695	-2.9957322735539913	-9.535082587503688	-5.924945222927605	-2.9957322735539913	-8.920677496481597
0.0	0.0	0.0	0.3	0.5	0.0	-5.1886479295618635	-3.086679304821254	-8.275327234383118	-5.1886479295618635	-3.086679304821254	-8.275327234383118	-4.581589742607027	-3.0866793217859914	-7.668269064393018
0.0	0.0	0.0	0.3	0.5	0.5	-6.085585687148992	-3.1055852149232934	-9.191170902072285	-6.085585687148992	-3.1055852149232934	-9.191170902072285	-5.471539327081881	-3.1055852170296925	-8.577124544111573
0.0	0.0	0.0	0.3	0.5	1.0	-7.1721015946043085	-3.1397924115638136	-10.311894006168123	-7.1721015946043085	-3.1397924115638136	-10.311894006168123	-6.552506279912976	-3.139792436583188	-9.692298716496165
0.0	0.0	0.0	0.3	1.0	0.0	-6.0295376463419075	-3.1023988561661398	-9.131936502508047	-6.0295376463419075	-3.1023988561661398	-9.131936502508047	-5.417780165176869	-3.1023988839049315	-8.5201790490818
0.0	0.0	0.0	0.3	1.0	0.5	-6.9253729050311	-3.121678230061308	-10.047051135092408	-6.9253729050311	-3.121678230061308	-10.047051135092408	-6.307210798798957	-3.121678265769158	-9.428889064568114
0.0	0.0	0.0	0.3	1.0	1.0	-8.01049627457606	-3.155927357795854	-11.166423632371913	-8.01049627457606	-3.155927357795854	-11.166423632371913	-7.387290979439793	-3.1559274287465726	-10.543218408186366
0.0	0.0	0.1	0.3	0.0	0.0	-3.7884004557417357	-2.894811493313907	-6.683211949055643	-3.7884004557417357	-2.894811493313907	-6.683211949055643	-3.517283799487542	-2.7578773496161646	-6.275161149103706
0.0	0.0	0.1	0.3	0.0	0.5	-4.841975246009341	-3.0243245867443265	-7.866299832753667	-4.841975246009341	-3.0243245867443265	-7.866299832753667	-4.573238489308423	-2.9000384864948194	-7.473276975803243
0.0	0.0	0.1	0.3	0.0	1.0	-6.088540673949799	-3.178512554389521	-9.26705322833932	-6.088540673949799	-3.178512554389521	-9.26705322833932	-5.829696314868	-3.09256188573666	-8.92225820060466
0.0	0.0	0.1	0.3	0.5	0.0	-4.216526824997815	-2.832307985040008	-7.048834810037823	-4.216526824997815	-2.832307985040008	-7.048834810037823	-3.955705718891312	-2.6611762820320464	-6.616882000923358
0.0	0.0	0.1	0.3	0.5	0.5	-5.2423436888781225	-2.994409454611323	-8.236753143489445	-5.2423436888781225	-2.994409454611323	-8.236753143489445	-4.989979702155777	-2.8211062202101966	-7.811085922365974
0.0	0.0	0.1	0.3	0.5	1.0	-6.450717029944322	-3.215654675126528	-9.66637170507085	-6.450717029944322	-3.215654675126528	-9.66637170507085	-6.223535978683232	-3.0701632804952794	-9.293699259178512
0.0	0.0	0.1	0.3	1.0	0.0	-4.819785863925351	-2.623878381231217	-7.443664245156569	-4.819785863925351	-2.623878381231217	-7.443664245156569	-4.5410939541566755	-2.447471869871921	-6.988565824028596
0.0	0.0	0.1	0.3	1.0	0.5	-5.854881389561942	-2.78717446429993	-8.642055853861871	-5.854881389561942	-2.78717446429993	-8.642055853861871	-5.5818352005921	-2.591547958753842	-8.173383159345942
0.0	0.0	0.1	0.3	1.0	1.0	-7.088214119481574	-3.0416002749809183	-10.129814394462493	-7.088214119481574	-3.0416002749809183	-10.129814394462493	-6.844874782205048	-2.8478718826328504	-9.692746664837898
0.0	0.0	1.0	0.3	0.0	0.0	-2.7909841790561085	-2.842478487383763	-5.633462666439872	-2.7909841790561085	-2.842478487383763	-5.633462666439872	-2.8693599446964724	-2.7615569348249287	-5.630916879521401
0.0	0.0	1.0	0.3	0.0	0.5	-4.151793253209096	-2.8205312260321627	-6.972324479241259	-4.151793253209096	-2.8205312260321627	-6.972324479241259	-4.228421259869286	-2.731723907231916	-6.960145167101202
0.0	0.0	1.0	0.3	0.0	1.0	-5.59097713715248	-2.792563730532788	-8.383540867685268	-5.59097713715248	-2.792563730532788	-8.383540867685268	-5.6673811352174415	-2.697864657914035	-8.365245793131477
0.0	0.0	1.0	0.3	0.5	0.0	-2.9815321301207423	-2.9874752651859335	-5.969007395306676	-2.9815321301207423	-2.9874752651859335	-5.969007395306676	-3.070165921475782	-2.9103268402287537	-5.980492761704536
0.0	0.0	1.0	0.3	0.5	0.5	-4.280220355536125	-3.0143802883030784	-7.294600643839203	-4.280220355536125	-3.0143802883030784	-7.294600643839203	-4.369964870508786	-2.923184272989369	-7.293149143498155
0.0	0.0	1.0	0.3	0.5	1.0	-5.628611673426331	-3.053191978703179	-8.68180365212951	-5.628611673426331	-3.053191978703179	-8.68180365212951	-5.722090430340207	-2.9478423989132962	-8.669932829253503
0.0	0.0	1.0	0.3	1.0	0.0	-3.4349953503941917	-3.017427808577073	-6.452423158971264	-3.4349953503941917	-3.017427808577073	-6.452423158971264	-3.5241768843245844	-2.9537886802538043	-6.477965564578389
0.0	0.0	1.0	0.3	1.0	0.5	-4.770033535224838	-3.051142020041046	-7.821175555265885	-4.770033535224838	-3.051142020041046	-7.821175555265885	-4.860671493119014	-2.971908851667529	-7.8325803447865425
0.0	0.0	1.0	0.3	1.0	1.0	-6.167626086534886	-3.0879834150701604	-9.255609501605047	-6.167626086534886	-3.0879834150701604	-9.255609501605047	-6.261611429056609	-2.9926314445733593	-9.254242873629968
0.0	0.5	0.0	0.3	0.0	0.0	-4.646548012659129	-3.3550363871762596	-8.001584399835389	-4.646548012659129	-3.3550363871762596	-8.001584399835389	-3.953166574095091	-3.355036408036916	-7.308202982132007
0.0	0.5	0.0	0.3	0.0	0.5	-5.466658996435726	-3.4272994187609864	-8.893958415196712	-5.466658996435726	-3.4272994187609864	-8.893958415196712	-4.773065305244351	-3.4272994464203745	-8.200364751664726
0.0	0.5	0.0	0.3	0.0	1.0	-6.4260478481752195	-3.5541404555992657	-9.980188303774485	-6.4260478481752195	-3.5541404555992657	-9.980188303774485	-5.733941901070034	-3.554140470219651	-9.288082371289686
0.0	0.5	0.0	0.3	0.5	0.0	-5.54427613493414	-3.314557670239789	-8.85883380517393	-5.54427613493414	-3.314557670239789	-8.85883380517393	-4.853446693457695	-3.3145576956915757	-8.16800438914927
0.0	0.5	0.0	0.3	0.5	0.5	-6.391785459665411	-3.365947758107343	-9.757733217772754	-6.391785459665411	-3.365947758107343	-9.757733217772754	-5.700235895959358	-3.3659477950569934	-9.066183691016352
0.0	0.5	0.0	0.3	0.5	1.0	-7.397516411231294	-3.455162039397219	-10.852678450628513	-7.397516411231294	-3.455162039397219	-10.852678450628513	-6.706718583674541	-3.4551621106232773	-10.161880694297817
0.0	0.5	0.0	0.3	1.0	0.0	-6.4921199707538175	-3.2717614390848295	-9.763881409838646	-6.4921199707538175	-3.2717614390848295	-9.763881409838646	-5.802588075576322	-3.2717614715034533	-9.074349547079775
0.0	0.5	0.0	0.3	1.0	0.5	-7.359549082704101	-3.308498735515401	-10.668047818219502	-7.359549082704101	-3.308498735515401	-10.668047818219502	-6.66889908596621	-3.3084987864803215	-9.97739787244653
0.0	0.5	0.0	0.3	1.0	1.0	-8.398710296810513	-3.3713190081804734	-11.770029304990986	-8.398710296810513	-3.3713190081804734	-11.770029304990986	-7.7082377224500735	-3.3713190982975343	-11.079556820747609
0.0	0.5	0.1	0.3	0.0	0.0	-3.4665057925629155	-3.179092106235331	-6.645597898798247	-3.4665057925629155	-3.179092106235331	-6.645597898798247	-3.2188109589297866	-3.044221587362124	-6.26303254629191
0.0	0.5	0.1	0.3	0.0	0.5	-4.439253014151789	-3.3494353480992243	-7.788688362251014	-4.439253014151789	-3.3494353480992243	-7.788688362251014	-4.200768400606096	-3.2370539362275705	-7.4378223368336664
0.0	0.5	0.1	0.3	0.0	1.0	-5.546788085664657	-3.5509549851127886	-9.097743070777446	-5.546788085664657	-3.5509549851127886	-9.097743070777446	-5.331561522610624	-3.4967381319777906	-8.828299654588415
0.0	0.5	0.1	0.3	0.5	0.0	-4.02469135129633	-3.012535668365001	-7.03722701966133	-4.02469135129633	-3.012535668365001	-7.03722701966133	-3.7817975658088194	-2.8365805027760365	-6.618378068584856
0.0	0.5	0.1	0.3	0.5	0.5	-5.023984983702384	-3.1839494711515752	-8.207934454853959	-5.023984983702384	-3.1839494711515752	-8.207934454853959	-4.79248235952285	-3.011363496716656	-7.803845856239507
0.0	0.5	0.1	0.3	0.5	1.0	-6.187900480842956	-3.4106573196937027	-9.598557800536659	-6.187900480842956	-3.4106573196937027	-9.598557800536659	-5.98945522626723	-3.2764146903002427	-9.265869916567473
0.0	0.5	0.1	0.3	1.0	0.0	-4.668303241750596	-2.7786520546626523	-7.446955296413249	-4.668303241750596	-2.7786520546626523	-7.446955296413249	-4.402407616774795	-2.595674395290861	-6.998082012065656
0.0	0.5	0.1	0.3	1.0	0.5	-5.6951462836659745	-2.9415663972821187	-8.636712680948094	-5.6951462836659745	-2.9415663972821187	-8.636712680948094	-5.435872324010921	-2.7424911645055183	-8.178363488516439
0.0	0.5	0.1	0.3	1.0	1.0	-6.916712127134697	-3.188965945881298	-10.105678073015994	-6.916712127134697	-3.188965945881298	-10.105678073015994	-6.693638283971534	-2.993945806106585	-9.687584090078118
0.0	0.5	1.0	0.3	0.0	0.0	-2.2611405525874404	-3.3029957567280754	-5.564136309315516	-2.2611405525874404	-3.3029957567280754	-5.564136309315516	-2.406895370761915	-3.18468067777292	-5.591576048534835
0.0	0.5	1.0	0.3	0.0	0.5	-3.493595419549737	-3.3622855679054244	-6.855880987455162	-3.493595419549737	-3.3622855679054244	-6.855880987455162	-3.670006544570132	-3.2217190928567594	-6.891725637426891
0.0	0.5	1.0	0.3	0.0	1.0	-4.733720010090184	-3.4562635466525085	-8.189983556742693	-4.733720010090184	-3.4562635466525085	-8.189983556742693	-4.961179965373791	-3.2912279471501367	-8.252407912523928
0.0	0.5	1.0	0.3	0.5	0.0	-2.630830522331059	-3.293091844689654	-5.9239223670207135	-2.630830522331059	-3.293091844689654	-5.9239223670207135	-2.748490483460037	-3.204507621675959	-5.952998105135997
0.0	0.5	1.0	0.3	0.5	0.5	-3.886888342922818	-3.335305398543778	-7.2221937414665955	-3.886888342922818	-3.335305398543778	-7.2221937414665955	-4.014586994543071	-3.2318886438989076	-7.246475638441979
0.0	0.5	1.0	0.3	0.5	1.0	-5.178231352573981	-3.397405208930188	-8.575636561504169	-5.178231352573981	-3.397405208930188	-8.575636561504169	-5.32373879123583	-3.277884550899316	-8.601623342135147
0.0	0.5	1.0	0.3	1.0	0.0	-3.1544415627203968	-3.2726710879701066	-6.427112650690503	-3.1544415627203968	-3.2726710879701066	-6.427112650690503	-3.260501389247988	-3.2030325678375737	-6.463533957085562
0.0	0.5	1.0	0.3	1.0	0.5	-4.466888904356056	-3.307266331163211	-7.774155235519267	-4.466888904356056	-3.307266331163211	-7.774155235519267	-4.577129093935464	-3.224312385013288	-7.801441478948752
0.0	0.5	1.0	0.3	1.0	1.0	-5.837520227304249	-3.3489820303719786	-9.186502257676228	-5.837520227304249	-3.3489820303719786	-9.186502257676228	-5.955468267147005	-3.251767134106393	-9.207235401253397
0.0	1.0	0.0	0.3	0.0	0.0	-5.473309732705443	-3.395073427035268	-8.868383159740711	-5.473309732705443	-3.395073427035268	-8.868383159740711	-4.784022920591803	-3.395073453668363	-8.179096374260165
0.0	1.0	0.0	0.3	0.0	0.5	-6.319364546594487	-3.4452465050593486	-9.764611051653835	-6.319364546594487	-3.4452465050593486	-9.764611051653835	-5.630685076259406	-3.4452465491279507	-9.075931625387357
0.0	1.0	0.0	0.3	0.0	1.0	-7.3253378764195185	-3.5298429796711606	-10.85518085609068	-7.3253378764195185	-3.5298429796711606	-10.85518085609068	-6.63858777381396	-3.5298430718927682	-10.168430845706729
0.0	1.0	0.0	0.3	0.5	0.0	-6.375421838932439	-3.3585020114674413	-9.733923850399881	-6.375421838932439	-3.3585020114674413	-9.733923850399881	-5.688486333020777	-3.358502049276507	-9.046988382297284
0.0	1.0	0.0	0.3	0.5	0.5	-7.239554846974156	-3.396498896564253	-10.636053743538408	-7.239554846974156	-3.396498896564253	-10.636053743538408	-6.552746920286859	-3.3964989467042663	-9.949245866991125
0.0	1.0	0.0	0.3	0.5	1.0	-8.27491151070317	-3.459517296937729	-11.7344288076409	-8.27491151070317	-3.459517296937729	-11.7344288076409	-7.5893789847574435	-3.4595174110095432	-11.048896395766986
0.0	1.0	0.0	0.3	1.0	0.0	-7.324062819723255	-3.3206573519123066	-10.644720171635562	-7.324062819723255	-3.3206573519123066	-10.644720171635562	-6.638364089841067	-3.320657393094606	-9.959021482935674
0.0	1.0	0.0	0.3	1.0	0.5	-8.201904439513417	-3.3497369318101797	-11.551641371323596	-8.201904439513417	-3.3497369318101797	-11.551641371323596	-7.515960397659731	-3.349736988232917	-10.865697385892648
0.0	1.0	0.0	0.3	1.0	1.0	-9.259144960468099	-3.397205545660272	-12.656350506128371	-9.259144960468099	-3.397205545660272	-12.656350506128371	-8.573968588769073	-3.3972056459010593	-11.971174234670134
0.0	1.0	0.1	0.3	0.0	0.0	-3.5508098653773086	-3.114086248444109	-6.664896113821418	-3.5508098653773086	-3.114086248444109	-6.664896113821418	-3.3393157356078147	-2.9344653040163533	-6.273781039624168
0.0	1.0	0.1	0.3	0.0	0.5	-4.575012930031015	-3.2596211546787925	-7.8346340847098075	-4.575012930031015	-3.2596211546787925	-7.8346340847098075	-4.37548991122462	-3.095675674079531	-7.471165585304151
0.0	1.0	0.1	0.3	0.0	1.0	-5.765829826976283	-3.441101013425088	-9.206930840401371	-5.765829826976283	-3.441101013425088	-9.206930840401371	-5.596996373939722	-3.327887620201769	-8.92488399414149
0.0	1.0	0.1	0.3	0.5	0.0	-4.057479258992918	-2.9839673778832165	-7.041446636876135	-4.057479258992918	-2.9839673778832165	-7.041446636876135	-3.8418943914985	-2.776046314546271	-6.617940706044771
0.0	1.0	0.1	0.3	0.5	0.5	-5.091301763591348	-3.1316827480066993	-8.222984511598048	-5.091301763591348	-3.1316827480066993	-8.222984511598048	-4.889999991209786	-2.920681329299832	-7.810681320509618
0.0	1.0	0.1	0.3	0.5	1.0	-6.311312822741268	-3.335474398463936	-9.646787221205205	-6.311312822741268	-3.335474398463936	-9.646787221205205	-6.15221835995232	-3.1492381657059334	-9.301456525658253
0.0	1.0	0.1	0.3	1.0	0.0	-4.662278719082259	-2.784676451434048	-7.446955170516308	-4.662278719082259	-2.784676451434048	-7.446955170516308	-4.414186043869577	-2.582310478407816	-6.996496522277393
0.0	1.0	0.1	0.3	1.0	0.5	-5.7131111747301	-2.9251108138452278	-8.638221988575328	-5.7131111747301	-2.9251108138452278	-8.638221988575328	-5.473031314552442	-2.703557282351574	-8.176588596904015
0.0	1.0	0.1	0.3	1.0	1.0	-6.975067812295875	-3.143611085146628	-10.118678897442503	-6.975067812295875	-3.143611085146628	-10.118678897442503	-6.77883527130863	-2.913959932944967	-9.692795204253596
0.0	1.0	1.0	0.3	0.0	0.0	-2.194604473722659	-3.350704101315929	-5.545308575038588	-2.194604473722659	-3.350704101315929	-5.545308575038588	-2.308371513422028	-3.2614139325809965	-5.569785446003024
0.0	1.0	1.0	0.3	0.0	0.5	-3.478765285326465	-3.372392862217289	-6.851158147543754	-3.478765285326465	-3.372392862217289	-6.851158147543754	-3.6049924031629708	-3.2701270455442026	-6.875119448707173
0.0	1.0	1.0	0.3	0.0	1.0	-4.8022343738755975	-3.4160695135635972	-8.218303887439195	-4.8022343738755975	-3.4160695135635972	-8.218303887439195	-4.952660608580479	-3.2981779711209187	-8.250838579701398
0.0	1.0	1.0	0.3	0.5	0.0	-2.549717770764671	-3.353511540677562	-5.903229311442233	-2.549717770764671	-3.353511540677562	-5.903229311442233	-2.647718315738488	-3.2846272438898345	-5.932345559628322
0.0	1.0	1.0	0.3	0.5	0.5	-3.8355918457767784	-3.371209343429123	-7.206801189205901	-3.8355918457767784	-3.371209343429123	-7.206801189205901	-3.9329299053058193	-3.293767711382709	-7.226697616688528
0.0	1.0	1.0	0.3	0.5	1.0	-5.1717989126317825	-3.4017005856582663	-8.57349949829005	-5.1717989126317825	-3.4017005856582663	-8.57349949829005	-5.270994550798593	-3.3160208892820284	-8.587015440080622
0.0	1.0	1.0	0.3	1.0	0.0	-3.0625784152187503	-3.344880416834274	-6.407458832053024	-3.0625784152187503	-3.344880416834274	-6.407458832053024	-3.156563788793662	-3.2890170977447895	-6.445580886538451
0.0	1.0	1.0	0.3	1.0	0.5	-4.394188543383281	-3.3607142270377977	-7.754902770421079	-4.394188543383281	-3.3607142270377977	-7.754902770421079	-4.48524374262511	-3.296307435303958	-7.781551177929068
0.0	1.0	1.0	0.3	1.0	1.0	-5.793772477393484	-3.3792856318629356	-9.17305810925642	-5.793772477393484	-3.3792856318629356	-9.17305810925642	-5.881924523322516	-3.306828740148916	-9.188753263471432
0.5	0.0	0.0	0.3	0.0	0.0	-5.915228299548017	-2.882205294183729	-8.797433593731746	-5.915228299548017	-2.882205294183729	-8.797433593731746	-5.38738461912261	-2.8214259116610423	-8.208810530783651
0.5	0.0	0.0	0.3	0.0	0.5	-6.968802629383996	-2.9537680754712827	-9.922570704855278	-6.968802629383996	-2.9537680754712827	-9.922570704855278	-6.428587537001974	-2.8882834196817426	-9.316870956683717
0.5	0.0	0.0	0.3	0.0	1.0	-8.173426475609503	-3.0395243615015066	-11.21295083711101	-8.173426475609503	-3.0395243615015066	-11.21295083711101	-7.626248549997144	-2.9800557935813328	-10.606304343578477
0.5	0.0	0.0	0.3	0.5	0.0	-6.206210686022679	-2.8915092831224816	-9.09771996914516	-6.206210686022679	-2.8915092831224816	-9.09771996914516	-5.681239707946386	-2.772497722487238	-8.453737430433623
0.5	0.0	0.0	0.3	0.5	0.5	-7.216784558632427	-3.035472248738456	-10.252256807370884	-7.216784558632427	-3.035472248738456	-10.252256807370884	-6.690644607203647	-2.9084809762428985	-9.599125583446545
0.5	0.0	0.0	0.3	0.5	1.0	-8.337771892636306	-3.2222962146406777	-11.560068107276983	-8.337771892636306	-3.2222962146406777	-11.560068107276983	-7.821280338611659	-3.097782300320349	-10.919062638932008
0.5	0.0	0.0	0.3	1.0	0.0	-6.791200056144671	-2.703128269277737	-9.494328325422408	-6.791200056144671	-2.703128269277737	-9.494328325422408	-6.240217626172974	-2.548825097255866	-8.78904272342884
0.5	0.0	0.0	0.3	1.0	0.5	-7.826655969259356	-2.8726471852561732	-10.69930315451553	-7.826655969259356	-2.8726471852561732	-10.69930315451553	-7.2809548787717056	-2.7085313260498345	-9.98948620482154
0.5	0.0	0.0	0.3	1.0	1.0	-8.974269552114066	-3.0958783910600616	-12.070147943174128	-8.974269552114066	-3.0958783910600616	-12.070147943174128	-8.445847799495533	-2.931546822573431	-11.377394622068964
0.5	0.0	0.1	0.3	0.0	0.0	-5.615774081426919	-2.7658819675022652	-8.381656048929184	-5.615774081426919	-2.7658819675022652	-8.381656048929184	-5.328908415927241	-2.648585356080914	-7.977493772008155
0.5	0.0	0.1	0.3	0.0	0.5	-6.758726991037202	-2.8879565905003677	-9.64668358153757	-6.758726991037202	-2.8879565905003677	-9.64668358153757	-6.472454002207074	-2.7766266855879724	-9.249080687795047
0.5	0.0	0.1	0.3	0.0	1.0	-8.033277208174404	-3.020620987114784	-11.053898195289188	-8.033277208174404	-3.020620987114784	-11.053898195289188	-7.751947472737081	-2.9277246683720253	-10.679672141109107
0.5	0.0	0.1	0.3	0.5	0.0	-5.7858717303370675	-2.790050848537321	-8.575922578874389	-5.7858717303370675	-2.790050848537321	-8.575922578874389	-5.513161251927828	-2.6278345164826065	-8.140995768410434
0.5	0.0	0.1	0.3	0.5	0.5	-6.8764718688348	-2.983424980172954	-9.859896849007754	-6.8764718688348	-2.983424980172954	-9.859896849007754	-6.620738795221303	-2.8154865292329063	-9.43622532445421
0.5	0.0	0.1	0.3	0.5	1.0	-8.055658181975202	-3.21078603538681	-11.266444217362013	-8.055658181975202	-3.21078603538681	-11.266444217362013	-7.831345256218912	-3.0574914498836874	-10.888836706102598
0.5	0.0	0.1	0.3	1.0	0.0	-6.277108875648455	-2.6066765018456817	-8.883785377494137	-6.277108875648455	-2.6066765018456817	-8.883785377494137	-5.977881326405514	-2.437533423701491	-8.415414750107004
0.5	0.0	0.1	0.3	1.0	0.5	-7.399737167079383	-2.813087374870484	-10.212824541949868	-7.399737167079383	-2.813087374870484	-10.212824541949868	-7.119861876583658	-2.626080021489989	-9.745941898073648
0.5	0.0	0.1	0.3	1.0	1.0	-8.617161284577412	-3.0727116524522744	-11.689872937029687	-8.617161284577412	-3.0727116524522744	-11.689872937029687	-8.374540839184693	-2.885201482515178	-11.259742321699871
0.5	0.0	1.0	0.3	0.0	0.0	-4.9880332414881305	-2.891145271503893	-7.8791785129920235	-4.9880332414881305	-2.891145271503893	-7.8791785129920235	-5.116140009935913	-2.806654119605038	-7.922794129540951
0.5	0.0	1.0	0.3	0.0	0.5	-6.379171710782604	-2.8728994009002244	-9.252071111682827	-6.379171710782604	-2.8728994009002244	-9.252071111682827	-6.512104254328154	-2.780128320642372	-9.292232574970527
0.5	0.0	1.0	0.3	0.0	1.0	-7.818046428360627	-2.851464471226179	-10.669510899586806	-7.818046428360627	-2.851464471226179	-10.669510899586806	-7.955334248797779	-2.752342059977623	-10.707676308775403
0.5	0.0	1.0	0.3	0.5	0.0	-4.983131215413935	-3.050089381444128	-8.033220596858063	-4.983131215413935	-3.050089381444128	-8.033220596858063	-5.132526180364405	-2.9673721648376308	-8.099898345202035
0.5	0.0	1.0	0.3	0.5	0.5	-6.279386140654891	-3.090936554993336	-9.370322695648227	-6.279386140654891	-3.090936554993336	-9.370322695648227	-6.4477384480622115	-2.9927344521089108	-9.440472900171123
0.5	0.0	1.0	0.3	0.5	1.0	-7.5638937123192385	-3.1505890230525164	-10.714482735371755	-7.5638937123192385	-3.1505890230525164	-10.714482735371755	-7.7566903134381135	-3.0366300255893184	-10.793320339027431
0.5	0.0	1.0	0.3	1.0	0.0	-5.373448273647203	-3.0711917492030167	-8.44464002285022	-5.373448273647203	-3.0711917492030167	-8.44464002285022	-5.517350174865351	-3.002163359869726	-8.519513534735077
0.5	0.0	1.0	0.3	1.0	0.5	-6.717823880201842	-3.1133316597578995	-9.831155539959742	-6.717823880201842	-3.1133316597578995	-9.831155539959742	-6.880453629521545	-3.02871361615793	-9.909167245679475
0.5	0.0	1.0	0.3	1.0	1.0	-8.058521803068164	-3.1654891648801464	-11.22401096794831	-8.058521803068164	-3.1654891648801464	-11.22401096794831	-8.24475555450961	-3.064663828497385	-11.309419383006993
0.5	0.5	0.0	0.3	0.0	0.0	-4.169233780309882	-3.2779161025559955	-7.447149882865878	-4.169233780309882	-3.2779161025559955	-7.447149882865878	-3.5981855094546784	-2.8931678039839475	-6.491353313438626
0.5	0.5	0.0	0.3	0.0	0.5	-4.929585794400337	-3.4981048973589552	-8.427690691759292	-4.929585794400337	-3.4981048973589552	-8.427690691759292	-4.476367741312474	-3.2010473696565187	-7.677415110968993
0.5	0.5	0.0	0.3	0.0	1.0	-5.6922063015694775	-3.5716559113070936	-9.263862212876571	-5.6922063015694775	-3.5716559113070936	-9.263862212876571	-5.374046182589136	-3.515803527476023	-8.889849710065159
0.5	0.5	0.0	0.3	0.5	0.0	-4.841611802405208	-2.971620779030809	-7.813232581436017	-4.841611802405208	-2.971620779030809	-7.813232581436017	-4.158115239727262	-2.5895182763426514	-6.747633516069913
0.5	0.5	0.0	0.3	0.5	0.5	-5.737945714691357	-3.2772264048582413	-9.015172119549598	-5.737945714691357	-3.2772264048582413	-9.015172119549598	-5.178191723355955	-2.8813602312303335	-8.059551954586288
0.5	0.5	0.0	0.3	0.5	1.0	-6.64997431958229	-3.516196118612373	-10.166170438194662	-6.64997431958229	-3.516196118612373	-10.166170438194662	-6.237614897881571	-3.240080152440136	-9.477695050321707
0.5	0.5	0.0	0.3	1.0	0.0	-5.528082212067272	-2.601455904862159	-8.129538116929432	-5.528082212067272	-2.601455904862159	-8.129538116929432	-4.708860076812544	-2.297954978911325	-7.0068150557238695
0.5	0.5	0.0	0.3	1.0	0.5	-6.566126897303354	-2.9123055359629064	-9.47843243326626	-6.566126897303354	-2.9123055359629064	-9.47843243326626	-5.8650907456604155	-2.5391185352299894	-8.404209280890406
0.5	0.5	0.0	0.3	1.0	1.0	-7.639846284820512	-3.277572395289218	-10.91741868010973	-7.639846284820512	-3.277572395289218	-10.91741868010973	-7.086708596597146	-2.8756566516676085	-9.962365248264755
0.5	0.5	0.1	0.3	0.0	0.0	-3.92786692469325	-3.2945810883549624	-7.222448013048212	-3.92786692469325	-3.2945810883549624	-7.222448013048212	-3.6817844592153834	-3.0546729471406975	-6.736457406356081
0.5	0.5	0.1	0.3	0.0	0.5	-4.737087076415747	-3.4754530844066163	-8.212540160822364	-4.737087076415747	-3.4754530844066163	-8.212540160822364	-4.589030491033078	-3.3236732031340495	-7.912703694167128
0.5	0.5	0.1	0.3	0.0	1.0	-5.537342958230207	-3.5418144652150736	-9.079157423445281	-5.537342958230207	-3.5418144652150736	-9.079157423445281	-5.500804428674003	-3.5573379657004196	-9.058142394374423
0.5	0.5	0.1	0.3	0.5	0.0	-4.530162002829945	-3.0659178179263518	-7.596079820756296	-4.530162002829945	-3.0659178179263518	-7.596079820756296	-4.200794459167412	-2.8040320732181394	-7.004826532385551
0.5	0.5	0.1	0.3	0.5	0.5	-5.473372604607635	-3.3100066054961954	-8.783379210103831	-5.473372604607635	-3.3100066054961954	-8.783379210103831	-5.24185997795182	-3.0742913825818365	-8.316151360533656
0.5	0.5	0.1	0.3	0.5	1.0	-6.42686885904548	-3.4861992032759206	-9.9130680623214	-6.42686885904548	-3.4861992032759206	-9.9130680623214	-6.311158166439521	-3.3654511450887235	-9.676609311528244
0.5	0.5	0.1	0.3	1.0	0.0	-5.177835974742864	-2.7784714833184534	-7.956307458061318	-5.177835974742864	-2.7784714833184534	-7.956307458061318	-4.749648184786608	-2.5427083733015476	-7.292356558088155
0.5	0.5	0.1	0.3	1.0	0.5	-6.252658611638479	-3.0422815408647907	-9.294940152503269	-6.252658611638479	-3.0422815408647907	-9.294940152503269	-5.9169253705330975	-2.7824467309152956	-8.699372101448393
0.5	0.5	0.1	0.3	1.0	1.0	-7.361452162393741	-3.318601149722894	-10.680053312116636	-7.361452162393741	-3.318601149722894	-10.680053312116636	-7.138895240327837	-3.085086257198662	-10.223981497526498
0.5	0.5	1.0	0.3	0.0	0.0	-3.3833605322923352	-3.359513902449703	-6.742874434742038	-3.3833605322923352	-3.359513902449703	-6.742874434742038	-3.679301086529314	-3.260049573716096	-6.93935066024541
0.5	0.5	1.0	0.3	0.0	0.5	-4.332028695815865	-3.42457588371825	-7.756604579534114	-4.332028695815865	-3.42457588371825	-7.756604579534114	-4.671294618876195	-3.3194958086646764	-7.990790427540872
0.5	0.5	1.0	0.3	0.0	1.0	-5.206757192526272	-3.4986325971259267	-8.705389789652198	-5.206757192526272	-3.4986325971259267	-8.705389789652198	-5.590149411016704	-3.393678925495954	-8.983828336512659
0.5	0.5	1.0	0.3	0.5	0.0	-3.874446607439391	-3.325184097756287	-7.199630705195679	-3.874446607439391	-3.325184097756287	-7.199630705195679	-4.120910071500328	-3.245735021889695	-7.366645093390023
0.5	0.5	1.0	0.3	0.5	0.5	-4.9666662757484685	-3.37256520784814	-8.339231483596608	-4.9666662757484685	-3.37256520784814	-8.339231483596608	-5.244464050288206	-3.2843817792767798	-8.528845829564986
0.5	0.5	1.0	0.3	0.5	1.0	-6.007968140897627	-3.432964723681129	-9.440932864578755	-6.007968140897627	-3.432964723681129	-9.440932864578755	-6.3219680804142815	-3.3390435705097175	-9.661011650924
0.5	0.5	1.0	0.3	1.0	0.0	-4.4677299633483765	-3.2955419276396314	-7.763271890988008	-4.4677299633483765	-3.2955419276396314	-7.763271890988008	-4.684009889428242	-3.2306881368401843	-7.914698026268426
0.5	0.5	1.0	0.3	1.0	0.5	-5.691527646730705	-3.332100367049627	-9.023628013780332	-5.691527646730705	-3.332100367049627	-9.023628013780332	-5.931143421962558	-3.257422859384431	-9.18856628134699
0.5	0.5	1.0	0.3	1.0	1.0	-6.885834457388705	-3.3782441217634296	-10.264078579152134	-6.885834457388705	-3.3782441217634296	-10.264078579152134	-7.154546050375478	-3.2948407088698164	-10.449386759245295
0.5	1.0	0.0	0.3	0.0	0.0	-3.745159877274908	-3.2909814783279443	-7.036141355602853	-3.745159877274908	-3.2909814783279443	-7.036141355602853	-3.228091052690524	-2.8340212171208514	-6.062112269811376
0.5	1.0	0.0	0.3	0.0	0.5	-4.528003791350793	-3.4780359768487408	-8.006039768199534	-4.528003791350793	-3.4780359768487408	-8.006039768199534	-4.188000096300716	-3.118396950824615	-7.306397047125331
0.5	1.0	0.0	0.3	0.0	1.0	-5.311692123424459	-3.4769940927950436	-8.788686216219503	-5.311692123424459	-3.4769940927950436	-8.788686216219503	-5.1814915044286485	-3.433204414955179	-8.614695919383827
0.5	1.0	0.0	0.3	0.5	0.0	-4.403834885722509	-2.9951937220926537	-7.399028607815163	-4.403834885722509	-2.9951937220926537	-7.399028607815163	-3.72546419892214	-2.572559807872605	-6.298024006794745
0.5	1.0	0.0	0.3	0.5	0.5	-5.330994346738834	-3.2890276270093906	-8.620021973748225	-5.330994346738834	-3.2890276270093906	-8.620021973748225	-4.822323572520821	-2.825087090020472	-7.647410662541293
0.5	1.0	0.0	0.3	0.5	1.0	-6.270913966995382	-3.486591703474055	-9.757505670469437	-6.270913966995382	-3.486591703474055	-9.757505670469437	-5.977011372224883	-3.16083163964916	-9.137843011874043
0.5	1.0	0.0	0.3	1.0	0.0	-5.05358830714424	-2.639867108045618	-7.693455415189858	-5.05358830714424	-2.639867108045618	-7.693455415189858	-4.207440040528752	-2.3315789835767933	-6.539019024105546
0.5	1.0	0.0	0.3	1.0	0.5	-6.132323770214835	-2.935629254545169	-9.067953024760005	-6.132323770214835	-2.935629254545169	-9.067953024760005	-5.430788823516383	-2.5290948700246445	-7.959883693541027
0.5	1.0	0.0	0.3	1.0	1.0	-7.247411222295643	-3.288362743154142	-10.535773965449785	-7.247411222295643	-3.288362743154142	-10.535773965449785	-6.743711732274364	-2.820807105807573	-9.564518838081938
0.5	1.0	0.1	0.3	0.0	0.0	-3.519274002121138	-3.3199965015647703	-6.839270503685908	-3.519274002121138	-3.3199965015647703	-6.839270503685908	-3.304565538483273	-3.0539137839164296	-6.3584793223997025
0.5	1.0	0.1	0.3	0.0	0.5	-4.343832726088898	-3.46219633267897	-7.8060290587678685	-4.343832726088898	-3.46219633267897	-7.8060290587678685	-4.265641809401834	-3.300360053359244	-7.5660018627610786
0.5	1.0	0.1	0.3	0.0	1.0	-5.1619266516349605	-3.47051958572351	-8.63244623735847	-5.1619266516349605	-3.47051958572351	-8.63244623735847	-5.241281515061949	-3.5116137128215925	-8.752895227883542
0.5	1.0	0.1	0.3	0.5	0.0	-4.1233970510949485	-3.1088082569329365	-7.2322053080278845	-4.1233970510949485	-3.1088082569329365	-7.2322053080278845	-3.7918303653452288	-2.8283605947220876	-6.620190960067316
0.5	1.0	0.1	0.3	0.5	0.5	-5.0871866111134025	-3.329744455749006	-8.416931066862409	-5.0871866111134025	-3.329744455749006	-8.416931066862409	-4.88518395566122	-3.0722200756360776	-7.957404031297298
0.5	1.0	0.1	0.3	0.5	1.0	-6.061971326440242	-3.4646743383170633	-9.526645664757305	-6.061971326440242	-3.4646743383170633	-9.526645664757305	-6.016691071746499	-3.3399554065776464	-9.356646478324146
0.5	1.0	0.1	0.3	1.0	0.0	-4.751222296725687	-2.839057752512473	-7.59028004923816	-4.751222296725687	-2.839057752512473	-7.59028004923816	-4.296447503347007	-2.5991201784975146	-6.895567681844522
0.5	1.0	0.1	0.3	1.0	0.5	-5.85401605917241	-3.0848686774922434	-8.938884736664653	-5.85401605917241	-3.0848686774922434	-8.938884736664653	-5.514296769106583	-2.8102108002415864	-8.32450756934817
0.5	1.0	0.1	0.3	1.0	1.0	-6.9917612233003235	-3.335330291862922	-10.327091515163247	-6.9917612233003235	-3.335330291862922	-10.327091515163247	-6.797737421232492	-3.082363514872159	-9.88010093610465
0.5	1.0	1.0	0.3	0.0	0.0	-2.9990561544736902	-3.3882061339582323	-6.387262288431923	-2.9990561544736902	-3.3882061339582323	-6.387262288431923	-3.247059134890148	-3.3183194767214426	-6.565378611611591
0.5	1.0	1.0	0.3	0.0	0.5	-3.9525269458627363	-3.4281159059550417	-7.380642851817778	-3.9525269458627363	-3.4281159059550417	-7.380642851817778	-4.218648201966483	-3.356758431027589	-7.5754066329940715
0.5	1.0	1.0	0.3	0.0	1.0	-4.843497093741979	-3.4787873551333814	-8.32228444887536	-4.843497093741979	-3.4787873551333814	-8.32228444887536	-5.126577100568436	-3.4085639683174356	-8.535141068885872
0.5	1.0	1.0	0.3	0.5	0.0	-3.511917594291639	-3.3666762757054127	-6.878593869997052	-3.511917594291639	-3.3666762757054127	-6.878593869997052	-3.732179935530807	-3.307882876934938	-7.040062812465745
0.5	1.0	1.0	0.3	0.5	0.5	-4.6081696735477955	-3.393224784392581	-8.001394457940377	-4.6081696735477955	-3.393224784392581	-8.001394457940377	-4.841624204612117	-3.330253128500948	-8.171877333113065
0.5	1.0	1.0	0.3	0.5	1.0	-5.663857500263896	-3.432135776473875	-9.095993276737772	-5.663857500263896	-3.432135776473875	-9.095993276737772	-5.911767022153769	-3.36710602852933	-9.2788730506831
0.5	1.0	1.0	0.3	1.0	0.0	-4.107992308387565	-3.3497328806429705	-7.457725189030535	-4.107992308387565	-3.3497328806429705	-7.457725189030535	-4.311797223653954	-3.2998354370562533	-7.611632660710208
0.5	1.0	1.0	0.3	1.0	0.5	-5.335827045143681	-3.3684057947355743	-8.704232839879255	-5.335827045143681	-3.3684057947355743	-8.704232839879255	-5.549466484810496	-3.3128026541489928	-8.862269138959489
0.5	1.0	1.0	0.3	1.0	1.0	-6.543059383698255	-3.3952348638898764	-9.938294247588132	-6.543059383698255	-3.3952348638898764	-9.938294247588132	-6.768653633474541	-3.3352524246464337	-10.103906058120975
1.0	0.0	0.0	0.3	0.0	0.0	-7.6784923172239	-2.6678948519339487	-10.346387169157849	-7.6784923172239	-2.6678948519339487	-10.346387169157849	-7.163500936770412	-2.5821812595048352	-9.745682196275247
1.0	0.0	0.0	0.3	0.0	0.5	-8.812664882053712	-2.7566426984388817	-11.569307580492593	-8.812664882053712	-2.7566426984388817	-11.569307580492593	-8.283160056488303	-2.6649896118254692	-10.948149668313771
1.0	0.0	0.0	0.3	0.0	1.0	-10.057743204534638	-2.8559928330626523	-12.91373603759729	-10.057743204534638	-2.8559928330626523	-12.91373603759729	-9.519599432021238	-2.7673409940666582	-12.286940426087895
1.0	0.0	0.0	0.3	0.5	0.0	-7.651147775307214	-2.804898012047985	-10.4560457873552	-7.651147775307214	-2.804898012047985	-10.4560457873552	-7.141449489317036	-2.6434635588360553	-9.784913048153092
1.0	0.0	0.0	0.3	0.5	0.5	-8.68759946969302	-3.014325386677716	-11.701924856370734	-8.68759946969302	-3.014325386677716	-11.701924856370734	-8.183441473970305	-2.8374134613819613	-11.020854935352267
1.0	0.0	0.0	0.3	0.5	1.0	-9.761977496969006	-3.2582007170909852	-13.020178214059992	-9.761977496969006	-3.2582007170909852	-13.020178214059992	-9.275987373325169	-3.085661335572182	-12.36164870889735
1.0	0.0	0.0	0.3	1.0	0.0	-8.11546981360482	-2.619540449301073	-10.735010262905893	-8.11546981360482	-2.619540449301073	-10.735010262905893	-7.56743480290003	-2.436644685685861	-10.00407948858589
1.0	0.0	0.0	0.3	1.0	0.5	-9.192940093165909	-2.8493713801043623	-12.04231147327027	-9.192940093165909	-2.8493713801043623	-12.04231147327027	-8.65937023684082	-2.646665183951508	-11.306035420792327
1.0	0.0	0.0	0.3	1.0	1.0	-10.308555480206525	-3.1254412593075585	-13.433996739514084	-10.308555480206525	-3.1254412593075585	-13.433996739514084	-9.80219027819719	-2.917073667625584	-12.719263945822773
1.0	0.0	0.1	0.3	0.0	0.0	-7.523956809419165	-2.7074504913783137	-10.231407300797478	-7.523956809419165	-2.7074504913783137	-10.231407300797478	-7.225985806089556	-2.6063111444331435	-9.8322969505227
1.0	0.0	0.1	0.3	0.0	0.5	-8.724266578519257	-2.8193524175449065	-11.543618996064165	-8.724266578519257	-2.8193524175449065	-11.543618996064165	-8.424016564360471	-2.72184654150853	-11.145863105869001
1.0	0.0	0.1	0.3	0.0	1.0	-10.019464884434733	-2.9330944635934832	-12.952559348028217	-10.019464884434733	-2.9330944635934832	-12.952559348028217	-9.720226776307923	-2.8468944442683948	-12.567121220576318
1.0	0.0	0.1	0.3	0.5	0.0	-7.424535655792976	-2.844481671072638	-10.269017326865614	-7.424535655792976	-2.844481671072638	-10.269017326865614	-7.152308112657347	-2.6879407769861685	-9.840248889643515
1.0	0.0	0.1	0.3	0.5	0.5	-8.51467553027083	-3.061954927435731	-11.57663045770656	-8.51467553027083	-3.061954927435731	-11.57663045770656	-8.265891369599995	-2.9031095566768648	-11.16900092627686
1.0	0.0	0.1	0.3	0.5	1.0	-9.623056906113263	-3.2853549981147046	-12.908411904227968	-9.623056906113263	-3.2853549981147046	-12.908411904227968	-9.411000465907065	-3.153292631403633	-12.5642930973107
1.0	0.0	0.1	0.3	1.0	0.0	-7.837445160532594	-2.67712019423024	-10.514565354762833	-7.837445160532594	-2.67712019423024	-10.514565354762833	-7.5339072612324	-2.511871789981224	-10.045779051213625
1.0	0.0	0.1	0.3	1.0	0.5	-8.974110840823265	-2.9129667593984405	-11.887077600221705	-8.974110840823265	-2.9129667593984405	-11.887077600221705	-8.698403251424537	-2.7347675694915217	-11.43317082091606
1.0	0.0	0.1	0.3	1.0	1.0	-10.13110053228784	-3.1710358293524235	-13.302136361640263	-10.13110053228784	-3.1710358293524235	-13.302136361640263	-9.897779498219192	-3.0053998961110096	-12.903179394330202
1.0	0.0	1.0	0.3	0.0	0.0	-7.129717190077942	-2.9332691532868025	-10.062986343364745	-7.129717190077942	-2.9332691532868025	-10.062986343364745	-7.307116838529753	-2.8513283597138313	-10.158445198243584
1.0	0.0	1.0	0.3	0.0	0.5	-8.531884066860181	-2.91916912794915	-11.451053194809331	-8.531884066860181	-2.91916912794915	-11.451053194809331	-8.718732086300188	-2.8298484013486958	-11.548580487648884
1.0	0.0	1.0	0.3	0.0	1.0	-9.966362250503675	-2.903275822037416	-12.869638072541091	-9.966362250503675	-2.903275822037416	-12.869638072541091	-10.160633546066054	-2.8081767684374914	-12.968810314503544
1.0	0.0	1.0	0.3	0.5	0.0	-6.903310566224735	-3.1128801421459897	-10.016190708370726	-6.903310566224735	-3.1128801421459897	-10.016190708370726	-7.127221052385167	-3.027056997730564	-10.154278050115732
1.0	0.0	1.0	0.3	0.5	0.5	-8.14456042960471	-3.168173079360538	-11.312733508965248	-8.14456042960471	-3.168173079360538	-11.312733508965248	-8.40725848675906	-3.0674015695906225	-11.474660056349682
1.0	0.0	1.0	0.3	0.5	1.0	-9.329182119658917	-3.2421617771097972	-12.571343896768713	-9.329182119658917	-3.2421617771097972	-12.571343896768713	-9.63773545887516	-3.12816075629484	-12.765896215169999
1.0	0.0	1.0	0.3	1.0	0.0	-7.251632028364799	-3.123792334760853	-10.375424363125653	-7.251632028364799	-3.123792334760853	-10.375424363125653	-7.465242549855281	-3.051276357467607	-10.516518907322888
1.0	0.0	1.0	0.3	1.0	0.5	-8.548146402779643	-3.1746264925396512	-11.722772895319295	-8.548146402779643	-3.1746264925396512	-11.722772895319295	-8.79928915674116	-3.0878770131299156	-11.887166169871076
1.0	0.0	1.0	0.3	1.0	1.0	-9.793822841317064	-3.2375146926248646	-13.03133753394193	-9.793822841317064	-3.2375146926248646	-13.03133753394193	-10.089079930746372	-3.1372402694425774	-13.22632020018895
1.0	0.5	0.0	0.3	0.0	0.0	-4.665114445939453	-3.363166599650606	-8.02828104559006	-4.665114445939453	-3.363166599650606	-8.02828104559006	-4.106271733083336	-3.079193434089378	-7.185465167172714
1.0	0.5	0.0	0.3	0.0	0.5	-5.324060218703893	-3.4644608094943488	-8.788521028198241	-5.324060218703893	-3.4644608094943488	-8.788521028198241	-4.885989604745749	-3.348971647105736	-8.234961251851484
1.0	0.5	0.0	0.3	0.0	1.0	-5.9485012311470555	-3.425169575787732	-9.373670806934788	-5.9485012311470555	-3.425169575787732	-9.373670806934788	-5.6355394148536835	-3.5527101722977474	-9.18824958715143
1.0	0.5	0.0	0.3	0.5	0.0	-5.37613215071089	-3.123592814341887	-8.499724965052778	-5.37613215071089	-3.123592814341887	-8.499724965052778	-4.702155158364043	-2.7784630565075266	-7.480618214871569
1.0	0.5	0.0	0.3	0.5	0.5	-6.2021770044276625	-3.364983375513993	-9.567160379941654	-6.2021770044276625	-3.364983375513993	-9.567160379941654	-5.658867898943923	-3.0768063829167693	-8.735674281860693
1.0	0.5	0.0	0.3	0.5	1.0	-6.987963918586378	-3.4570577431523195	-10.445021661738698	-6.987963918586378	-3.4570577431523195	-10.445021661738698	-6.587531162850535	-3.3722809770773066	-9.959812139927841
1.0	0.5	0.0	0.3	1.0	0.0	-6.114450029344948	-2.774516586349745	-8.888966615694693	-6.114450029344948	-2.774516586349745	-8.888966615694693	-5.30474596816193	-2.4735408707278492	-7.778286838889779
1.0	0.5	0.0	0.3	1.0	0.5	-7.117404184973644	-3.0914191844260435	-10.208823369399688	-7.117404184973644	-3.0914191844260435	-10.208823369399688	-6.434713950914999	-2.7468731752643096	-9.18158712617931
1.0	0.5	0.0	0.3	1.0	1.0	-8.083798328784534	-3.3662375462671807	-11.450035875051714	-8.083798328784534	-3.3662375462671807	-11.450035875051714	-7.549471737743037	-3.076222046438701	-10.625693784181738
1.0	0.5	0.1	0.3	0.0	0.0	-4.572052716320867	-3.370506496116056	-7.942559212436922	-4.572052716320867	-3.370506496116056	-7.942559212436922	-4.339625582460845	-3.21254056810921	-7.552166150570055
1.0	0.5	0.1	0.3	0.0	0.5	-5.2544717559030225	-3.4554237181854024	-8.709895474088425	-5.2544717559030225	-3.4554237181854024	-8.709895474088425	-5.127638711305741	-3.4228909745219265	-8.550529685827668
1.0	0.5	0.1	0.3	0.0	1.0	-5.894571569268667	-3.438065403061909	-9.332636972330576	-5.894571569268667	-3.438065403061909	-9.332636972330576	-5.873441407054017	-3.548715406848442	-9.42215681390246
1.0	0.5	0.1	0.3	0.5	0.0	-5.2491896916739655	-3.1904793974631107	-8.439669089137077	-5.2491896916739655	-3.1904793974631107	-8.439669089137077	-4.919310385815346	-2.970593803771023	-7.889904189586369
1.0	0.5	0.1	0.3	0.5	0.5	-6.101571497793325	-3.376069521521948	-9.477641019315273	-6.101571497793325	-3.376069521521948	-9.477641019315273	-5.882688440032	-3.2272315471615616	-9.109919987193562
1.0	0.5	0.1	0.3	0.5	1.0	-6.907738071171884	-3.4487988483348726	-10.356536919506755	-6.907738071171884	-3.4487988483348726	-10.356536919506755	-6.806203090021986	-3.43957943717392	-10.245782527195907
1.0	0.5	0.1	0.3	1.0	0.0	-5.968774941366661	-2.92444317993676	-8.89321812130342	-5.968774941366661	-2.92444317993676	-8.89321812130342	-5.529227044628396	-2.7035779832031834	-8.23280502783158
1.0	0.5	0.1	0.3	1.0	0.5	-6.994565509221633	-3.180568609486267	-10.175134118707899	-6.994565509221633	-3.180568609486267	-10.175134118707899	-6.663075743412407	-2.962458511694249	-9.625534255106656
1.0	0.5	0.1	0.3	1.0	1.0	-7.9788266561698	-3.3790655718715565	-11.357892228041356	-7.9788266561698	-3.3790655718715565	-11.357892228041356	-7.768296483476071	-3.2353088470330413	-11.003605330509112
1.0	0.5	1.0	0.3	0.0	0.0	-4.309756317292612	-3.3838323239050303	-7.693588641197643	-4.309756317292612	-3.3838323239050303	-7.693588641197643	-4.761919087815144	-3.3018589459787036	-8.063778033793849
1.0	0.5	1.0	0.3	0.0	0.5	-5.07071078387052	-3.4365192971326723	-8.507230081003192	-5.07071078387052	-3.4365192971326723	-8.507230081003192	-5.5692490160993025	-3.3544160692330234	-8.923665085332326
1.0	0.5	1.0	0.3	0.0	1.0	-5.757041055619946	-3.488104580365465	-9.245145635985411	-5.757041055619946	-3.488104580365465	-9.245145635985411	-6.296257397192949	-3.4085216033842562	-9.704779000577206
1.0	0.5	1.0	0.3	0.5	0.0	-4.9219425076035925	-3.344314329332873	-8.266256836936465	-4.9219425076035925	-3.344314329332873	-8.266256836936465	-5.310126710083276	-3.2744415103387907	-8.584568220422067
1.0	0.5	1.0	0.3	0.5	0.5	-5.861508136488373	-3.388922703916723	-9.250430840405096	-5.861508136488373	-3.388922703916723	-9.250430840405096	-6.2933180355200635	-3.314707646827515	-9.608025682347579
1.0	0.5	1.0	0.3	0.5	1.0	-6.7240342053615185	-3.438350317494705	-10.162384522856224	-6.7240342053615185	-3.438350317494705	-10.162384522856224	-7.198738792468648	-3.3627899814959954	-10.561528773964643
1.0	0.5	1.0	0.3	1.0	0.0	-5.616687596970996	-3.311065426991411	-8.927753023962406	-5.616687596970996	-3.311065426991411	-8.927753023962406	-5.957968203081032	-3.2515372175417854	-9.209505420622818
1.0	0.5	1.0	0.3	1.0	0.5	-6.72305883039779	-3.347839679448431	-10.07089850984622	-6.72305883039779	-3.347839679448431	-10.07089850984622	-7.103029874995954	-3.2816602224358458	-10.3846900974318
1.0	0.5	1.0	0.3	1.0	1.0	-7.75654559535073	-3.3912351583898666	-11.147780753740596	-7.75654559535073	-3.3912351583898666	-11.147780753740596	-8.178228203956268	-3.3204336533255123	-11.49866185728178
1.0	1.0	0.0	0.3	0.0	0.0	-3.9485027237755377	-3.3779815502892543	-7.326484274064792	-3.9485027237755377	-3.3779815502892543	-7.326484274064792	-3.4680801231993748	-3.0745211462659614	-6.542601269465337
1.0	1.0	0.0	0.3	0.0	0.5	-4.626886641433526	-3.437741806004074	-8.064628447437599	-4.626886641433526	-3.437741806004074	-8.064628447437599	-4.318119717686058	-3.3180296077590805	-7.636149325445139
1.0	1.0	0.0	0.3	0.0	1.0	-5.274060438123224	-3.3579165297430986	-8.631976967866322	-5.274060438123224	-3.3579165297430986	-8.631976967866322	-5.150231859024406	-3.509148265127469	-8.659380124151875
1.0	1.0	0.0	0.3	0.5	0.0	-4.671288439702613	-3.174239441384296	-7.845527881086909	-4.671288439702613	-3.174239441384296	-7.845527881086909	-4.031405106374615	-2.8104688497199275	-6.841873956094543
1.0	1.0	0.0	0.3	0.5	0.5	-5.520937108479606	-3.377837219642516	-8.898774328122123	-5.520937108479606	-3.377837219642516	-8.898774328122123	-5.05242433447914	-3.070321196694424	-8.122745531173564
1.0	1.0	0.0	0.3	0.5	1.0	-6.33390944028856	-3.426375805756158	-9.760285246044717	-6.33390944028856	-3.426375805756158	-9.760285246044717	-6.063482522968997	-3.3414040998080856	-9.404886622777083
1.0	1.0	0.0	0.3	1.0	0.0	-5.396579427930759	-2.8570958865738576	-8.253675314504617	-5.396579427930759	-2.8570958865738576	-8.253675314504617	-4.590566110408783	-2.5473043258536956	-7.137870436262479
1.0	1.0	0.0	0.3	1.0	0.5	-6.427642979601716	-3.1413528849544785	-9.568995864556195	-6.427642979601716	-3.1413528849544785	-9.568995864556195	-5.774434721904633	-2.7789084259746333	-8.553343147879266
1.0	1.0	0.0	0.3	1.0	1.0	-7.428815423198015	-3.3778750051333737	-10.806690428331388	-7.428815423198015	-3.3778750051333737	-10.806690428331388	-6.967281627014939	-3.06844022193592	-10.03572184895086
1.0	1.0	0.1	0.3	0.0	0.0	-3.8710460816899523	-3.384741634152926	-7.255787715842878	-3.8710460816899523	-3.384741634152926	-7.255787715842878	-3.683936002783801	-3.226863883410661	-6.910799886194462
1.0	1.0	0.1	0.3	0.0	0.5	-4.568284932091977	-3.4349756977289667	-8.003260629820943	-4.568284932091977	-3.4349756977289667	-8.003260629820943	-4.521886103521663	-3.40957856788499	-7.931464671406653
1.0	1.0	0.1	0.3	0.0	1.0	-5.228171255016592	-3.3863631294844683	-8.614534384501061	-5.228171255016592	-3.3863631294844683	-8.614534384501061	-5.326860853418108	-3.5126492973194092	-8.839510150737517
1.0	1.0	0.1	0.3	0.5	0.0	-4.567053106796343	-3.2351060259417914	-7.802159132738135	-4.567053106796343	-3.2351060259417914	-7.802159132738135	-4.251583223096871	-3.0137757585429075	-7.265358981639778
1.0	1.0	0.1	0.3	0.5	0.5	-5.437728805405543	-3.3869221437479844	-8.824650949153527	-5.437728805405543	-3.3869221437479844	-8.824650949153527	-5.262319783357196	-3.237482642405446	-8.499802425762642
1.0	1.0	0.1	0.3	0.5	1.0	-6.267228066397292	-3.4267093208984876	-9.69393738729578	-6.267228066397292	-3.4267093208984876	-9.69393738729578	-6.245533189345256	-3.4240231158653667	-9.669556305210623
1.0	1.0	0.1	0.3	1.0	0.0	-5.280332930642803	-2.9993070583682884	-8.279639989011091	-5.280332930642803	-2.9993070583682884	-8.279639989011091	-4.833145952601354	-2.780465177123627	-7.6136111297249816
1.0	1.0	0.1	0.3	1.0	0.5	-6.328578889753859	-3.223302795674539	-9.551881685428398	-6.328578889753859	-3.223302795674539	-9.551881685428398	-6.009834900962419	-3.00403226982247	-9.01386717078489
1.0	1.0	0.1	0.3	1.0	1.0	-7.341783279299392	-3.388161189260197	-10.729944468559589	-7.341783279299392	-3.388161189260197	-10.729944468559589	-7.173689622436691	-3.2433445145169664	-10.417034136953657
1.0	1.0	1.0	0.3	0.0	0.0	-3.646664601527493	-3.397692581555557	-7.044357183083051	-3.646664601527493	-3.397692581555557	-7.044357183083051	-4.0332124043026605	-3.3403872400283805	-7.3735996443310405
1.0	1.0	1.0	0.3	0.0	0.5	-4.412097469171433	-3.433215722179391	-7.845313191350824	-4.412097469171433	-3.433215722179391	-7.845313191350824	-4.820333998492528	-3.3763202732555766	-8.196654271748105
1.0	1.0	1.0	0.3	0.0	1.0	-5.11484334863664	-3.4713386489985862	-8.586181997635226	-5.11484334863664	-3.4713386489985862	-8.586181997635226	-5.540937043347885	-3.415976804160385	-8.95691384750827
1.0	1.0	1.0	0.3	0.5	0.0	-4.289694581634486	-3.370880162197669	-7.660574743832155	-4.289694581634486	-3.370880162197669	-7.660574743832155	-4.638731134588596	-3.319935957764216	-7.958667092352812
1.0	1.0	1.0	0.3	0.5	0.5	-5.233486232750394	-3.3989254562329236	-8.632411688983318	-5.233486232750394	-3.3989254562329236	-8.632411688983318	-5.604699526441776	-3.34582836947383	-8.950527895915606
1.0	1.0	1.0	0.3	0.5	1.0	-6.112775718276104	-3.4334274245674767	-9.54620314284358	-6.112775718276104	-3.4334274245674767	-9.54620314284358	-6.504752185231631	-3.3799062212869835	-9.884658406518614
1.0	1.0	1.0	0.3	1.0	0.0	-4.99153628851354	-3.3501562172448516	-8.341692505758392	-4.99153628851354	-3.3501562172448516	-8.341692505758392	-5.311933000441239	-3.30527751693837	-8.61721051737961
1.0	1.0	1.0	0.3	1.0	0.5	-6.102208907708211	-3.3714133308381964	-9.473622238546408	-6.102208907708211	-3.3714133308381964	-9.473622238546408	-6.443464746309397	-3.322655052470201	-9.766119798779599
1.0	1.0	1.0	0.3	1.0	1.0	-7.1521305717072625	-3.399440739712575	-10.551571311419838	-7.1521305717072625	-3.399440739712575	-10.551571311419838	-7.514994029769513	-3.3482384777277825	-10.863232507497296
