x1
1.0
1.0
1.0
1.0
1.0
1.0
1.0
1.0
1.0
1.0
1.0
1.0
1.0
1.0
1.0
1.0
1.0
1.0
1.0
1.0
1.0
1.0
1.0
1.0
1.0
1.0
1.0
1.0
1.0
1.0
1.0
1.0
1.0
1.0
1.0
1.0
1.0
1.0
1.0
1.0
1.0
1.0
1.0
1.0
1.0
1.0
1.0
1.0
1.0
1.0
1.0
1.0
1.0
1.0
1.0
1.0
1.0
1.0
1.0
1.0
1.0
1.0
1.0
1.0
1.0
1.0
1.0
1.0
1.0
1.0
1.0
1.0
1.0
1.0
1.0
1.0
1.0
1.0
1.0
1.0
1.0
1.0
1.0
1.0
1.0
1.0
1.0
1.0
1.0
1.0
1.0
1.0
1.0
1.0
1.0
1.0
1.0
1.0
1.0
1.0
1.0
0.05263841095152198
0.04710455453732556
0.038438505229667554
0.038469574802668445
0.031493043856901624
0.036601797737171954
0.038162712080872
0.043677202554589095
0.0381097163515141
0.05902551261821883
0.10823065677734477
0.08055534632160287
0.052912421563084885
0.040178374318715425
0.040645385664406695
0.12112009408589992
0.1304902512216281
0.15152030313434112
0.07179251822110655
0.07150851854859377
0.24834754439901216
0.08221245813576458
0.03841179573202518
0.03887906692927549
0.03719458656218273
0.07500119733157386
0.05875961114269115
0.06619851303654642
0.07412242359361887
0.20239431998664723
0.043740726266618006
0.037651364069248607
0.243368315509941
0.03815144135395929
0.22580912948863693
0.24009553900486133
0.27195637276175477
0.3219593768516506
0.24610774639657002
0.10753422641466759
0.0800090772679115
0.09935842976575499
0.08977866918768221
0.05969389208706879
0.0389635381656892
0.13824466022627033
0.08486420849134191
0.1833128414209178
0.11855331270909211
0.2868699843018518
0.1462648530558487
0.3062344923092363
0.23110827796319167
0.12660756454326552
0.31570525935869415
0.2948321542148169
0.1516227118007773
0.151637238678946
0.14821374164147763
0.2437194450915075
0.2179527275350537
0.27446328810790405
0.22622171715402375
0.09773363685245046
0.2611366890689194
0.13889308849352014
0.18216319281259893
0.19838831927858913
0.03812492241085826
0.08667593114456625
0.1814797276840206
0.13541978196530174
0.17875315753132415
0.16256196312024795
0.0763829031317455
0.1747996094186148
0.2758561380112101
0.2733259130030788
0.23114070804616063
0.23718612965822036
0.05738157901965731
0.03216665707745178
0.03656431516686145
0.09833997043525222
0.07503036823330507
0.07843913408800157
0.11978072243875972
0.042782917097848365
0.04561293189162531
0.045635204910254884
0.036970289133409745
0.03782210051472048
0.043349511965159446
0.06225964353646135
0.05243704166780566
0.04140765780411458
0.04277069506625143
0.04716501867580198
0.06329603200634401
0.08910378320030336
