x1
1.0
1.0
1.0
1.0
1.0
1.0
1.0
1.0
1.0
1.0
1.0
1.0
1.0
1.0
1.0
1.0
1.0
1.0
1.0
1.0
1.0
1.0
1.0
1.0
1.0
1.0
1.0
1.0
1.0
1.0
1.0
1.0
1.0
1.0
1.0
1.0
1.0
1.0
1.0
1.0
1.0
1.0
1.0
1.0
1.0
1.0
1.0
1.0
1.0
1.0
1.0
1.0
1.0
1.0
1.0
1.0
1.0
1.0
1.0
1.0
1.0
1.0
1.0
1.0
1.0
1.0
1.0
1.0
1.0
1.0
1.0
1.0
1.0
1.0
1.0
1.0
1.0
1.0
1.0
1.0
1.0
1.0
1.0
1.0
1.0
1.0
1.0
1.0
1.0
1.0
1.0
1.0
1.0
1.0
1.0
1.0
1.0
1.0
1.0
1.0
1.0
1.0
1.0
1.0
1.0
1.0
1.0
1.0
1.0
1.0
1.0
1.0
1.0
1.0
1.0
1.0
1.0
1.0
1.0
1.0
1.0
1.0
1.0
1.0
1.0
1.0
1.0
1.0
1.0
1.0
1.0
1.0
1.0
1.0
1.0
1.0
1.0
1.0
1.0
1.0
1.0
1.0
1.0
1.0
1.0
1.0
1.0
1.0
1.0
1.0
1.0
1.0
1.0
1.0
1.0
1.0
0.003273919341238235
0.000290724994711929
8.138807012369305e-5
0.00017003119495657347
2.1966939774679147e-5
0.00010961795100515243
0.0011367654558691426
0.02331390423292897
0.023313904231250283
0.023313904234096097
0.023313904231884782
0.023313904231822707
0.023313904229875906
0.02331390423553817
0.023313904228741446
0.023313904229890315
0.023313904230148872
0.00013745542519194787
0.0026159586096387607
0.003601806543823317
0.0024237352242195646
0.003744623303514369
0.003197950970326761
0.02331390423515135
0.023313904236727374
0.023313904238817348
0.005934951030763437
0.023313904235176663
0.006532697043119868
0.005934951030312796
0.023313904235974885
0.0011655552761979568
0.00018785094857319247
0.00048139945404308636
0.005934951030825754
0.0027284482305291466
0.0002466937524011769
0.00019973093752330062
0.005089880218214643
0.00508449938848219
0.00021773098858059848
0.00281143312196641
0.0004374033755405568
0.005934951030645884
0.023313904233159908
0.02331390423452952
0.023313904235253997
0.023313904234258376
0.00042493939333175746
0.005934951030512761
0.023313904237833055
0.00515910334627268
0.023313904233551144
0.023313904232050636
0.02331390423699039
0.02331390423579828
0.023313904235419444
0.023313904235756463
0.02331390423623397
0.0052782997473008065
0.0050541949136468966
0.0005336538036221119
0.0009276775073985456
5.151047688953447e-5
0.0027439471065737646
0.0031939898615606964
0.005934951030287437
0.023313904236063703
0.02331390423190648
0.006607726697053389
0.0059349510305375976
0.006084193819833109
0.023313904231286497
0.023313904237710164
0.005640694981965833
0.010426003637247522
0.023313904228922273
0.023313904230269765
0.023313904237843578
0.006535080147088825
0.005934951030307786
0.023313904228363293
0.023313904235297413
0.02331390423284967
0.023313904234168684
0.023313904233844388
0.023313904230722018
0.02331390423041317
0.023313904239022232
0.00019039955828131265
6.929760163969417e-5
0.0022921124280020004
5.9510453186192686e-5
0.002155426048111899
0.00858056212592474
0.0012337874665617201
0.00593495103006471
0.023313904238943715
0.003496630463302521
0.000942931361912113
0.0010407112629853498
0.003191506849510946
0.0059349510304355264
0.023313904238287966
0.005934951029207439
0.023313904230795927
0.023313904233850755
0.00278755258148536
0.002759436197679643
0.002719360921538323
0.00330872685231365
0.003190140675780021
0.005934951028935656
0.023313904223081355
0.023313904234321604
0.023313904230327625
0.023313904231390098
0.023313904232598135
0.023313904234762893
0.02331390423447625
0.003701849401184683
0.0233139042314183
0.02331390423088811
0.02331390423302014
0.023313904231775512
0.0028884790071681014
0.0026855622174880513
0.0007675186870933028
0.006543536477319723
0.023313904237093917
0.02331390423705054
0.02331390423657664
0.023313904238119958
0.023313904238096272
0.023313904236406505
0.023313904238076992
0.023313904235263746
0.005934951030792913
0.023313904234250775
0.0017220488505200037
0.006560111501450526
0.005934951029407068
0.023313904238586286
0.02331390423814103
0.023313904229719525
0.0233139042268009
0.02331390423676484
0.0037425862223475744
0.023313904234298168
0.02331390423106042
0.023313904232010497
0.02331390423603256
0.006643777641986396
0.023313904232018012
0.005934951030250074
