x1
0.039
0.039
0.039
0.039
0.039
0.039
0.039
0.039
0.039
0.039
0.039
0.039
0.039
0.039
0.039
0.039
0.039
0.039
0.039
0.039
0.039
0.039
0.039
0.039
0.039
0.039
0.039
0.039
0.039
0.039
0.039
0.039
0.039
0.039
0.039
0.039
0.039
0.039
0.039
0.039
0.039
0.039
0.039
0.039
0.039
0.039
0.039
0.039
0.039
0.039
0.039
0.039
0.039
0.039
0.039
0.039
0.039
0.039
0.039
0.039
0.039
0.039
0.039
0.039
0.039
0.039
0.039
0.039
0.039
0.039
0.039
0.039
0.039
0.039
0.039
0.039
0.039
0.039
0.039
0.039
0.039
0.039
0.039
0.039
0.039
0.039
0.039
0.039
0.039
0.039
0.039
0.039
0.039
0.039
0.039
0.039
0.039
0.039
0.039
0.039
0.039
0.039
0.039
0.039
0.039
0.039
0.039
0.039
0.039
0.039
0.039
0.039
0.039
0.039
0.039
0.039
0.039
0.039
0.039
0.039
0.039
0.039
0.039
0.039
0.039
0.039
0.039
0.039
0.039
0.039
0.039
0.039
0.039
0.039
0.039
0.039
0.039
0.039
0.039
0.039
0.039
0.039
0.039
0.039
0.039
0.039
0.039
0.039
0.039
0.039
0.039
0.039
0.039
0.039
0.039
0.039
0.003253421290721223
0.00028722359206582803
7.945837572037992e-5
0.0001671559040030474
2.1390479589506224e-5
0.0001110764475502556
0.001152298282341171
0.02403108317820788
0.024011621070133365
0.024050574150332266
0.024031340396422622
0.02403382533763953
0.02400697072846012
0.024084012779943514
0.02398141752155583
0.02401792709666665
0.024021938079842958
0.00013621246348099344
0.0026415245173892856
0.0036319120769251457
0.0024102270066497984
0.003789801690974669
0.0032474202440827974
0.024077527491643946
0.02409087301979692
0.02409701692520545
0.006043666524252365
0.024081304031879098
0.006650444481489889
0.006037298202259286
0.024086966813081145
0.001171788855988391
0.00019781244161562843
0.00048011332786894445
0.006044792121593934
0.002783199136299476
0.0002608509839412839
0.0002103071414759792
0.00521318146152273
0.0052078252621714765
0.0002318963326683448
0.002872075284844035
0.0004359807327562265
0.006040428332778409
0.024051898334012785
0.024070871542201895
0.024081902813774588
0.024073388873156437
0.00042306977376410843
0.006040940259255988
0.02409540334149396
0.005280741100489223
0.02404293407037463
0.024048764303724237
0.024087297337068537
0.02408296237124044
0.024083148442563942
0.02408263363056849
0.024088552558091236
0.005412621552066523
0.0051772725457682085
0.0005241056404968733
0.0009504259805592356
5.013236451281503e-5
0.0027965296244184695
0.003239362645770284
0.006036889082253897
0.024087522808936713
0.024046904100647637
0.006726533583613
0.006041843654258157
0.00616352683939919
0.024034091410370387
0.024095061956353712
0.005715823212242128
0.010621610124092781
0.023983619332696708
0.024019280081169266
0.02409543130957334
0.006649789075420695
0.0060331678639119314
0.023979866646763003
0.02408223445826936
0.02404694512019684
0.024066760555646514
0.02406934692500913
0.024017322809685528
0.024025750761097572
0.024097091611928217
0.00019684922759492812
6.7394275970985e-5
0.0023204083299162106
5.8635124265865864e-5
0.0021699535725083776
0.00873781310672398
0.001215382247961301
0.006034422804409437
0.024097071579480572
0.0035362795693092723
0.0009322210623552858
0.0010297673502900136
0.003239032290084648
0.006040074150923331
0.024096400808429518
0.00600886567999084
0.02401964179132163
0.024069411177809596
0.0028327720268829354
0.0028135260440113005
0.0027751474064168944
0.003331608039481979
0.003222385194449595
0.006000965204360012
0.02386691874719019
0.024073979726614597
0.023987162829723664
0.024040000637801883
0.02404372492411352
0.024073271628819295
0.02407539536693565
0.0038446599814537536
0.02400767929969673
0.024032939005295344
0.024052698571516345
0.024045187031805984
0.0029560349745313863
0.002748971231724817
0.0007736893205552108
0.006671909512902816
0.024087024105134736
0.02409004907914398
0.02408933895379024
0.024096082581786263
0.02409603350288875
0.024086113664085265
0.024095992850514794
0.024081977653874213
0.00604452008155691
0.02407331753356339
0.0017198310618397892
0.006677229407798888
0.00601865293134246
0.02409682350026085
0.024096125363024298
0.023991705202888503
0.023963990692410845
0.02409139262663166
0.003783115151383579
0.024058731609573062
0.02403540273388267
0.02404065146047867
0.024087329478139338
0.006759246291717904
0.02404834615092593
0.006037732632220778
