x1
1.0
1.0
1.0
1.0
1.0
1.0
1.0
1.0
1.0
1.0
1.0
1.0
1.0
1.0
1.0
1.0
1.0
1.0
1.0
1.0
1.0
1.0
1.0
1.0
1.0
1.0
1.0
1.0
1.0
1.0
1.0
1.0
1.0
1.0
1.0
1.0
1.0
1.0
1.0
1.0
1.0
1.0
1.0
1.0
1.0
1.0
1.0
1.0
1.0
1.0
1.0
1.0
1.0
1.0
1.0
1.0
1.0
1.0
1.0
1.0
1.0
1.0
1.0
1.0
1.0
1.0
1.0
1.0
1.0
1.0
1.0
1.0
1.0
1.0
1.0
1.0
1.0
1.0
1.0
1.0
1.0
1.0
1.0
1.0
1.0
1.0
1.0
1.0
1.0
1.0
1.0
1.0
1.0
1.0
1.0
1.0
1.0
1.0
1.0
1.0
1.0
1.0
1.0
1.0
1.0
1.0
1.0
1.0
1.0
1.0
1.0
1.0
1.0
1.0
1.0
1.0
1.0
1.0
1.0
1.0
1.0
1.0
1.0
1.0
1.0
1.0
1.0
1.0
1.0
1.0
1.0
1.0
1.0
1.0
1.0
1.0
1.0
1.0
1.0
1.0
1.0
1.0
1.0
1.0
1.0
1.0
1.0
1.0
1.0
1.0
1.0
1.0
1.0
1.0
1.0
1.0
0.000415507693928666
0.0002652849873400196
0.00010393128292310868
0.0001670831082426568
5.35947586145463e-5
0.0001005632882220624
0.00024031753288023813
0.0037041876974060173
0.003924430809939982
0.004524613848594999
0.00334001875323012
0.003249953528131534
0.0014428534447307986
0.007645333760166733
0.0013669790832195557
0.0015424817602258895
0.0016058197200229927
0.00012231008969141943
0.00019236627094957134
0.000345420844439969
0.00030249779865050986
0.0005936840806662901
0.0006880352647124796
0.005548204678823179
0.014636783040757901
0.054306760801616144
0.0021453154808893237
0.006419877784467693
0.0007438829647157709
0.0007991785017848166
0.009647081926601537
0.00032496930119225835
0.001023301982495049
0.0001525940246434174
0.0024540580618481246
0.00043010342104114296
0.0013847687673692296
0.0009347909788326151
0.0020539768631229606
0.0022368364306378625
0.0009442879194637062
0.0006930533446362565
0.00017521096662741643
0.0016017544540243215
0.002886787319502699
0.00447236567515549
0.006655642065627638
0.004389253359235358
9.142269450613886e-5
0.0011074936996620802
0.03289634662130658
0.0008866879931783506
0.00255137117587654
0.0023076061751510133
0.012938473888110837
0.008489273822333549
0.007206671071185297
0.007662429007622073
0.011209954089206718
0.0018827050244186125
0.004030111730171264
0.00011795942212630619
0.0003380019925306649
3.8309625038334656e-5
0.00035139610777323903
0.0002604814408514229
0.0007727985149604394
0.010144801551155023
0.0022341179798085905
0.000697760373638214
0.0012441049801816654
0.0005183076857172876
0.001862923497680032
0.03021802359352034
0.0005092596655872975
0.0008466746426433575
0.001389077730571735
0.001571786616250926
0.03313353381868255
0.0008081744141890703
0.0008886027605346407
0.001192091055975692
0.006793908718194597
0.0027442090019907817
0.0043001651969620585
0.0037930429617722018
0.0019297201983796252
0.001672682144247439
0.05583613181106676
8.279766357320918e-5
5.792688676877477e-5
0.00016673994583295477
0.00011562745519211554
0.00022239253315548788
0.0009407485324765609
0.0001355578687498444
0.0006397687485962194
0.05548078083955319
0.0003879313046695052
6.336486228565316e-5
6.937287495223587e-5
0.0003524023456626728
0.0009920949277004844
0.04381092649644197
0.0003798810880096534
0.0016899283210079835
0.0038011883198941047
0.0003390945134660547
0.00040354204776219134
0.0005255179073058657
0.00020331472612530448
0.000212335206889978
0.00043747804508458644
0.0007902137628122353
0.004493870882513159
0.0014133241225707221
0.0020041318128784687
0.0024365804791321283
0.005298617025356465
0.004767622983108116
0.001673738385476335
0.0016948507544114113
0.001821105714438785
0.0034401728378848587
0.0021711107380595696
0.0009516402673551754
0.0014617822222687303
0.00022398880290921096
0.004477705212486157
0.012299690454123796
0.015276418715986258
0.012366823931839514
0.03969026467952482
0.03911061349017536
0.011388964802950445
0.03864081684580774
0.0066863455594711185
0.0022372250464929334
0.00437697384668825
0.00043204175218567706
0.0012823675021708134
0.00040031873115699095
0.050551630120742645
0.04020727664441084
0.0018693343405902017
0.0010664772250198777
0.01565334862619846
0.000328165904997462
0.003992871423116018
0.0018800707209915331
0.0020985028680759327
0.009966220220478219
0.0006586120047586937
0.0022905843455634785
0.0007939327556604337
