x1
1.0
1.0
1.0
1.0
1.0
1.0
1.0
1.0
1.0
1.0
1.0
1.0
1.0
1.0
1.0
1.0
1.0
1.0
1.0
1.0
1.0
1.0
1.0
1.0
1.0
1.0
1.0
1.0
1.0
1.0
1.0
1.0
1.0
1.0
1.0
1.0
1.0
1.0
1.0
1.0
1.0
1.0
1.0
1.0
1.0
1.0
1.0
1.0
1.0
1.0
1.0
1.0
1.0
1.0
1.0
1.0
1.0
1.0
1.0
1.0
1.0
1.0
1.0
1.0
1.0
1.0
1.0
1.0
1.0
1.0
1.0
1.0
1.0
1.0
1.0
1.0
1.0
1.0
1.0
1.0
1.0
1.0
1.0
1.0
1.0
1.0
1.0
1.0
1.0
1.0
1.0
1.0
1.0
1.0
1.0
1.0
1.0
1.0
1.0
1.0
1.0
1.0
1.0
1.0
1.0
1.0
1.0
1.0
1.0
1.0
1.0
1.0
1.0
1.0
1.0
1.0
1.0
1.0
1.0
1.0
1.0
1.0
1.0
1.0
1.0
1.0
1.0
1.0
1.0
1.0
1.0
1.0
1.0
1.0
1.0
1.0
1.0
1.0
1.0
1.0
1.0
1.0
1.0
1.0
1.0
1.0
1.0
1.0
1.0
1.0
1.0
1.0
1.0
1.0
1.0
1.0
0.003273919460013808
0.000290725170446833
8.138814986284062e-5
0.00017003137022463463
2.19669868402798e-5
0.00010961814984943171
0.001136766206661341
0.023313902858566063
0.023313902856887374
0.02331390285973319
0.023313902857521874
0.023313902857459802
0.023313902855513
0.02331390286117526
0.02331390285437854
0.023313902855527407
0.02331390285578597
0.0001374556018682739
0.0026159587520877296
0.003601806768877722
0.0024237356792709782
0.0037446235186920007
0.0031979510978442233
0.023313902860788445
0.023313902862364476
0.023313902864454443
0.00593495112707477
0.023313902860813758
0.006532697172428449
0.005934951126624129
0.023313902861611984
0.001165555885756304
0.00018785138130659134
0.0004813996736520601
0.005934951127137087
0.0027284483602746483
0.0002466943252347282
0.0001997313974577521
0.005089880344464067
0.005084499502499956
0.00021773164351981874
0.0028114336668038117
0.0004374035235122703
0.005934951126957215
0.023313902858797007
0.023313902860166623
0.0233139028608911
0.023313902859895475
0.00042493950659358755
0.005934951126824092
0.023313902863470157
0.005159103621772314
0.023313902859188242
0.023313902857687748
0.023313902862627488
0.02331390286143538
0.023313902861056543
0.02331390286139356
0.02331390286187106
0.005278300289319981
0.005054194958952497
0.0005336538584666019
0.0009276785450936421
5.151052914184516e-5
0.002743947273457069
0.003193989979758169
0.005934951126598767
0.023313902861700802
0.023313902857543586
0.006607726996662461
0.005934951126848931
0.0060841939850643425
0.0233139028569236
0.02331390286334726
0.005640695098340863
0.010426004074323262
0.023313902854559383
0.02331390285590686
0.023313902863480673
0.006535080281804928
0.005934951126619117
0.023313902854000403
0.023313902860934512
0.023313902858486765
0.02331390285980578
0.023313902859481483
0.023313902856359116
0.023313902856050266
0.023313902864659328
0.00019040005713455877
6.929772710802715e-5
0.0022921122950729403
5.951053917244566e-5
0.0021554263705997213
0.00858056238079722
0.0012337877537783556
0.005934951126376042
0.02331390286458081
0.0034966306154875677
0.0009429315274219379
0.0010407114523082594
0.0031915069618650076
0.005934951126746858
0.023313902863925064
0.005934951125518768
0.02331390285643303
0.023313902859487864
0.0027875529770339295
0.002759436404254876
0.0027193610296330534
0.00330872698175184
0.0031901407849181202
0.005934951125246988
0.023313902848718454
0.0233139028599587
0.023313902855964734
0.0233139028570272
0.023313902858235234
0.023313902860399995
0.023313902860113353
0.003701852608277806
0.023313902857055393
0.02331390285652521
0.02331390285865723
0.02331390285741261
0.002888479755622129
0.002685562452173196
0.0007675188202468902
0.006543536631208423
0.02331390286273101
0.02331390286268763
0.023313902862213732
0.02331390286375705
0.023313902863733364
0.023313902862043597
0.023313902863714084
0.023313902860900838
0.005934951127104247
0.023313902859887867
0.0017220494408943835
0.006560111692925834
0.005934951125718396
0.023313902864223385
0.023313902863778133
0.023313902855356623
0.023313902852438017
0.023313902862401942
0.003742586609498966
0.02331390285993527
0.023313902856697523
0.0233139028576476
0.023313902861669664
0.006643778023652991
0.02331390285765511
0.0059349511265614045
