x1
0.039
0.039
0.039
0.039
0.039
0.039
0.039
0.039
0.039
0.039
0.039
0.039
0.039
0.039
0.039
0.039
0.039
0.039
0.039
0.039
0.039
0.039
0.039
0.039
0.039
0.039
0.039
0.039
0.039
0.039
0.039
0.039
0.039
0.039
0.039
0.039
0.039
0.039
0.039
0.039
0.039
0.039
0.039
0.039
0.039
0.039
0.039
0.039
0.039
0.039
0.039
0.039
0.039
0.039
0.039
0.039
0.039
0.039
0.039
0.039
0.039
0.039
0.039
0.039
0.039
0.039
0.039
0.039
0.039
0.039
0.039
0.039
0.039
0.039
0.039
0.039
0.039
0.039
0.039
0.039
0.039
0.039
0.039
0.039
0.039
0.039
0.039
0.039
0.039
0.039
0.039
0.039
0.039
0.039
0.039
0.039
0.039
0.039
0.039
0.039
0.039
0.039
0.039
0.039
0.039
0.039
0.039
0.039
0.039
0.039
0.039
0.039
0.039
0.039
0.039
0.039
0.039
0.039
0.039
0.039
0.039
0.039
0.039
0.039
0.039
0.039
0.039
0.039
0.039
0.039
0.039
0.039
0.039
0.039
0.039
0.039
0.039
0.039
0.039
0.039
0.039
0.039
0.039
0.039
0.039
0.039
0.039
0.039
0.039
0.039
0.039
0.039
0.039
0.039
0.039
0.039
0.001240099999118462
4.158621710860198e-5
1.5742574970283437e-5
5.7103994748082515e-5
2.779949165362801e-6
2.954578715867273e-5
0.0005414103651915876
0.026720202751033133
0.0250905985596535
0.02781102744793008
0.02553651858660461
0.02550917369677452
0.02374012626230664
0.028162490587109415
0.02316519895912539
0.023625333861076438
0.023811131791010492
1.2073180445302773e-5
0.001042295042818812
0.0006204348566262659
8.009539470364725e-5
0.0023631286594022675
0.0023362254401702322
0.027923411960314996
0.029281550049348723
0.03137356875866515
0.004989867428465494
0.027838226077308185
0.0043469239622629325
0.004742714545569972
0.028561380911610625
0.0004327453827249863
0.0005962348449257949
8.803426251104876e-5
0.005005477905004033
0.0020699467979794087
0.000977976034892176
0.0006579834496298433
0.004932695280257151
0.004954319077947269
0.0008819343199089209
0.00319436536760034
8.339566175676494e-5
0.004958254276643361
0.02635383387841307
0.027443659651317526
0.02790718230088505
0.027037367278606943
4.299722147186915e-5
0.004840616309897351
0.030354664179754767
0.004884268956687633
0.026873790136846282
0.025239286231647923
0.029893677164594887
0.02857703821111431
0.028055477998136687
0.028495160326268254
0.028802504751069387
0.005720605539986974
0.005078950708599978
4.1379150314432584e-5
0.0013525670176371346
2.1125100048514248e-6
0.001939365015197542
0.0020480412883984844
0.004728949651711504
0.028643462634735075
0.025127302285571786
0.0043471941994860435
0.004848590237727896
0.0038864136837365735
0.024702354737381405
0.030231006200815876
0.0037367658890198985
0.004950128832660853
0.02328620693357564
0.023941826266795915
0.030365285088341645
0.0045742388719041014
0.004802393486592446
0.02268867218669348
0.02794602253096722
0.026131581291364527
0.02720265728820378
0.026686559376145277
0.02458869217456306
0.02400581777827062
0.03159235745710583
7.315213191852815e-5
1.7786989011630737e-6
0.001694284578923825
3.556053674524285e-5
0.0002506389004541917
0.002911344781631491
3.174759423701101e-5
0.004601305044218501
0.03150799465661547
0.0021845883770189693
8.654946032383528e-5
7.342685872449555e-5
0.0021459297101983237
0.004797425920704667
0.03081906838903982
0.00421342390467761
0.024486803967862562
0.026691924233736668
0.0021313208061702403
0.0022949382028228204
0.0021536134416018987
0.0017991400344070602
0.001859740993060286
0.004114916564924535
0.019432770392793376
0.027091445860266357
0.02448584496061908
0.024731726167214394
0.02589099666212103
0.027689549617917034
0.027224409953158144
0.010727244701880866
0.025343060799767933
0.024354967063277857
0.026342083580348275
0.02502618659573615
0.003591188971069628
0.0029184197267597407
9.38645815935395e-5
0.005101254414472198
0.029916945413925203
0.02975752772328597
0.029169633909517254
0.030646387723201468
0.030622147176645416
0.029197262246931036
0.030602452410760633
0.027915906134651697
0.00498737153219583
0.027030892603453757
0.00026857624292003773
0.004589527218870403
0.004278155005045404
0.031129857987093598
0.03066795530423704
0.024074751923571502
0.02153636541987488
0.029305843578073466
0.00202573915138993
0.027758055224756065
0.024483398763237695
0.02532518366556826
0.028614643982388777
0.004403203639059486
0.02521388808800446
0.0046964388265767106
