x1
0.039
0.039
0.039
0.039
0.039
0.039
0.039
0.039
0.039
0.039
0.039
0.039
0.039
0.039
0.039
0.039
0.039
0.039
0.039
0.039
0.039
0.039
0.039
0.039
0.039
0.039
0.039
0.039
0.039
0.039
0.039
0.039
0.039
0.039
0.039
0.039
0.039
0.039
0.039
0.039
0.039
0.039
0.039
0.039
0.039
0.039
0.039
0.039
0.039
0.039
0.039
0.039
0.039
0.039
0.039
0.039
0.039
0.039
0.039
0.039
0.039
0.039
0.039
0.039
0.039
0.039
0.039
0.039
0.039
0.039
0.039
0.039
0.039
0.039
0.039
0.039
0.039
0.039
0.039
0.039
0.039
0.039
0.039
0.039
0.039
0.039
0.039
0.039
0.039
0.039
0.039
0.039
0.039
0.039
0.039
0.039
0.039
0.039
0.039
0.039
0.039
0.039
0.039
0.039
0.039
0.039
0.039
0.039
0.039
0.039
0.039
0.039
0.039
0.039
0.039
0.039
0.039
0.039
0.039
0.039
0.039
0.039
0.039
0.039
0.039
0.039
0.039
0.039
0.039
0.039
0.039
0.039
0.039
0.039
0.039
0.039
0.039
0.039
0.039
0.039
0.039
0.039
0.039
0.039
0.039
0.039
0.039
0.039
0.039
0.039
0.039
0.039
0.039
0.039
0.039
0.039
0.0002358026447617561
9.155631699726221e-5
2.5439607856560234e-5
7.079960688634224e-5
7.15372928398881e-6
5.038672932562618e-5
0.00027003711723117365
0.00829022671970366
0.00767836775268935
0.010711667521894213
0.007973476299728296
0.00800242062185056
0.00435504162735374
0.0205068226370719
0.0036875490853612177
0.0048719887833636
0.005132995985690596
3.353496108162358e-5
0.00027850656506268076
0.00027633999453642415
0.00012106334752587153
0.0012005309877433392
0.0016551549706852091
0.016453431345521206
0.027934030197392382
0.03984264103573772
0.003923108123317418
0.018470695343246215
0.001810629583180131
0.0019763107882123324
0.023219500126200613
0.00020261984216920183
0.0007955594279793268
0.0001163012884457519
0.004457440765901753
0.0009863822310066245
0.0013048396305523693
0.0009056107186743385
0.004003300154751306
0.0042063421987745455
0.000932198530099167
0.0009130702375489489
0.00010367373240262731
0.002992282418556399
0.009029756838137625
0.013704456674383395
0.01889000684085667
0.014164669574866933
5.409691408123957e-5
0.002686125783133263
0.03594801270149732
0.002255720610686715
0.00780858187483462
0.007860013634615776
0.025286548130171175
0.020580322252363246
0.019816758419998345
0.01993548492845656
0.02494987709935054
0.0037416037728373623
0.005492121467542377
5.600341737578046e-5
0.000599158225426128
6.278361042584273e-6
0.0007171669310472845
0.0007201347432511525
0.001914336971475486
0.023801992764277833
0.007589654974222359
0.0016526267188090125
0.0029541999880686675
0.0007260053634373679
0.006134605278135634
0.035201219537381645
0.0007807703593193327
0.0014609004995341569
0.003766004646761418
0.004971949254011933
0.03601006794362821
0.001733154715326724
0.0018158023487885287
0.003320567475394578
0.019129492082036445
0.00839038635720588
0.012718103810201546
0.012598849300119577
0.005543458728976898
0.0054065357638245146
0.04003158176509978
5.456665279049861e-5
9.36638222553065e-6
0.0002729292290459751
5.4273844468479844e-5
0.00020931607989889504
0.0011688557212093389
4.327630681544593e-5
0.0015945737206130876
0.03998817788688976
0.000791707035853099
5.251142620519026e-5
5.4736049756640105e-5
0.001035216798603864
0.002457635007542143
0.03828639394063412
0.0006990164522797939
0.005208455962208097
0.01262140032468854
0.00043449842926901515
0.0007840386494712831
0.0012333660912518694
0.0003000897327224618
0.0003049894908710314
0.000720642062897963
0.0016579262467026346
0.014422904877612603
0.003857778552050791
0.006719866513228233
0.0076842015463792265
0.015066386168850978
0.015077571809387137
0.00361171832837727
0.00482996152937762
0.0060030572273287
0.009813855020855886
0.0073549744732630895
0.00128421704318898
0.0022744286765446512
0.00013154433809718383
0.0055196910731252794
0.02468327575135407
0.027557103493353448
0.025980642163440926
0.03751269188405525
0.03739448099409238
0.023581160958924447
0.03729672126534612
0.01894358912081836
0.004258699715376996
0.014134059443573458
0.0003143226296330099
0.0022106380242921083
0.0008280918688010808
0.03934235908565542
0.0376157593550032
0.004671801590955456
0.0028587845579118878
0.02867306759583307
0.0004542405440014269
0.011305973143227743
0.006236416268051232
0.006922022754038064
0.023596618063371953
0.0013821496749609862
0.0077977074510187615
0.002004757229190045
