x1
0.039
0.039
0.039
0.039
0.039
0.039
0.039
0.039
0.039
0.039
0.039
0.039
0.039
0.039
0.039
0.039
0.039
0.039
0.039
0.039
0.039
0.039
0.039
0.039
0.039
0.039
0.039
0.039
0.039
0.039
0.039
0.039
0.039
0.039
0.039
0.039
0.039
0.039
0.039
0.039
0.039
0.039
0.039
0.039
0.039
0.039
0.039
0.039
0.039
0.039
0.039
0.039
0.039
0.039
0.039
0.039
0.039
0.039
0.039
0.039
0.039
0.039
0.039
0.039
0.039
0.039
0.039
0.039
0.039
0.039
0.039
0.039
0.039
0.039
0.039
0.039
0.039
0.039
0.039
0.039
0.039
0.039
0.039
0.039
0.039
0.039
0.039
0.039
0.039
0.039
0.039
0.039
0.039
0.039
0.039
0.039
0.039
0.039
0.039
0.039
0.039
0.039
0.039
0.039
0.039
0.039
0.039
0.039
0.039
0.039
0.039
0.039
0.039
0.039
0.039
0.039
0.039
0.039
0.039
0.039
0.039
0.039
0.039
0.039
0.039
0.039
0.039
0.039
0.039
0.039
0.039
0.039
0.039
0.039
0.039
0.039
0.039
0.039
0.039
0.039
0.039
0.039
0.039
0.039
0.039
0.039
0.039
0.039
0.039
0.039
0.039
0.039
0.039
0.039
0.039
0.039
0.001216932074557302
2.045834476285576e-7
9.613412796314122e-9
6.558904684710088e-6
1.1074584130251495e-8
9.180518839089628e-7
3.354676644157487e-5
0.026751210667139258
0.025126971873911986
0.02784242475881219
0.025606316894440206
0.025587076190557483
0.023858613710337078
0.02830207994302175
0.02322468526957447
0.023753570084208066
0.02394351960020861
5.6751237173249594e-8
0.0004172816735190127
0.00032860080469625344
2.0365306388164804e-5
0.0023527466000245125
0.0023569770990184355
0.02805135591207522
0.029387309416472475
0.031389802338285935
0.004999017720310601
0.027964750825295297
0.0043149267921740895
0.004751919374987657
0.028690319227397017
0.00018388944808291562
0.0005338749934486126
8.203447463767382e-5
0.005016343651982616
0.0021187467758987896
0.0009412065214787878
0.0006577094772551304
0.0049757347409370165
0.004994189813400012
7.467215121372022e-5
0.0028895113930366514
7.007492619651264e-6
0.004964730804719571
0.0264785098072357
0.02757610293969365
0.02804843012291026
0.027174286360673452
5.975740206204255e-6
0.004851337927464226
0.030423623855071292
0.004715085129350234
0.026979371157402506
0.025355698312328527
0.029961054759507427
0.028683156279742612
0.02818714042772113
0.02861009567710029
0.028922547145411735
0.005049399899949201
0.005008514414310171
1.8222940792192732e-6
0.0022096874737875245
8.391932137324966e-7
0.0020016180603183394
0.0020518401599244245
0.0047330866465573225
0.02876569333495455
0.02523981192595435
0.004367189110996676
0.004860554711263415
0.00383766022933007
0.024818525821244018
0.03030416146418117
0.003566431142383767
0.004387485023408771
0.023310207483248066
0.024041369719827926
0.03043264834528693
0.004525040524320213
0.004806890874042726
0.022761387944423814
0.028087844890805073
0.02623421312390034
0.02731465213229062
0.026827159497781725
0.024644941452061274
0.02410725198085384
0.031595646759402435
9.747564443299216e-7
5.185348493847291e-10
0.0017172655971734508
9.207253912707347e-6
1.8763342231909783e-6
0.002227792650367177
5.472969336671154e-7
0.00460241028522913
0.03151635537586404
0.0019851764049841274
1.9699590233570827e-6
8.910212720662116e-7
0.0021441518298016683
0.004806937881348978
0.03086551134038149
0.004187650029885315
0.02460206963812323
0.026844097321804514
0.0021360074616211537
0.0022570557383687867
0.0021947537975049486
0.0017720602499934539
0.0018188808628189054
0.004091982445525422
0.019348220169530406
0.027231722406436707
0.024553003595158485
0.02486739852858687
0.02601597880344441
0.02781187712905451
0.027373673911542717
0.0036297780251190598
0.02542394381617042
0.02449187073160395
0.02645127971165848
0.0251699656871008
0.0025726527986854883
0.002802177362062239
1.1495034090107204e-6
0.005002601897696815
0.029994149632858926
0.029844223725948648
0.029282941083756887
0.030701714434573243
0.030678681653862394
0.029295894856837645
0.030659965820991626
0.028059662110594685
0.004997553107595039
0.02718426684066137
9.812826941059635e-6
0.004437300012822894
0.004263055518817151
0.031159835417990157
0.030722012717605114
0.024104880638821068
0.021590320510076727
0.02941422761430162
0.0017609523080110044
0.027839224608714092
0.024617514935741366
0.025465048253213596
0.02874377593506028
0.004116640746316109
0.025328184763339617
0.004702235512690187
