d_val	e_val	j_val	lambda_val	mu_val1	mu_val2	Julia_sum_lq_nFv5	rootstates_lnL_nFv5	Julia_total_lnLs1_nFv5	Julia_sum_lq_nFv6	rootstates_lnL_nFv6	Julia_total_lnLs1_nFv6	Julia_sum_lq_GFv6	rootstates_lnL_GFv6	Julia_total_lnLs1_GFv6
0.0	0.0	0.0	0.3	0.0	0.0	-4.495748576969988	-2.9957322735539913	-7.491480850523979	-4.495748576969988	-2.9957322735539913	-7.491480850523979	-7.823908383124682	-3.266334842319736	-11.090243225444418
0.0	0.0	0.0	0.3	0.0	0.5	-5.414328841925112	-2.9957322735539913	-8.410061115479103	-5.414328841925112	-2.9957322735539913	-8.410061115479103	-7.819939630114538	-3.4323540469008798	-11.252293677015418
0.0	0.0	0.0	0.3	0.0	1.0	-6.53939528538337	-2.9957322735539913	-9.535127558937361	-6.53939528538337	-2.9957322735539913	-9.535127558937361	-8.04394580324302	-3.4978187091668733	-11.541764512409893
0.0	0.0	0.0	0.3	0.5	0.0	-5.188621703414544	-3.086673863419841	-8.275295566834385	-5.188621703414544	-3.086673863419841	-8.275295566834385	-6.948897754478029	-3.2896906347111687	-10.238588389189198
0.0	0.0	0.0	0.3	0.5	0.5	-6.085580462218729	-3.1055839442293567	-9.191164406448086	-6.085580462218729	-3.1055839442293567	-9.191164406448086	-6.856010995337616	-3.3837595195753374	-10.239770514912953
0.0	0.0	0.0	0.3	0.5	1.0	-7.17212492779608	-3.139793913759647	-10.311918841555727	-7.17212492779608	-3.139793913759647	-10.311918841555727	-7.193698670896238	-3.433058911956119	-10.626757582852356
0.0	0.0	0.0	0.3	1.0	0.0	-6.029589373401455	-3.1023949007580196	-9.131984274159475	-6.029589373401455	-3.1023949007580196	-9.131984274159475	-6.801237942371397	-3.1257746656695486	-9.927012608040947
0.0	0.0	0.0	0.3	1.0	0.5	-6.92541777634641	-3.1216719370103894	-10.0470897133568	-6.92541777634641	-3.1216719370103894	-10.0470897133568	-6.752583951349424	-3.27179790077253	-10.024381852121953
0.0	0.0	0.0	0.3	1.0	1.0	-8.010606274546078	-3.155927759362575	-11.166534033908652	-8.010606274546078	-3.155927759362575	-11.166534033908652	-7.226741607875083	-3.394182768321619	-10.620924376196703
0.0	0.0	0.1	0.3	0.0	0.0	-3.7884111647764294	-2.894811493313907	-6.683222658090337	-3.7884111647764294	-2.894811493313907	-6.683222658090337	-7.577510667513666	-3.277022647574215	-10.854533315087881
0.0	0.0	0.1	0.3	0.0	0.5	-4.841991776397267	-3.0242986798629796	-7.866290456260247	-4.841991776397267	-3.0242986798629796	-7.866290456260247	-7.6535332100076925	-3.4333109445910077	-11.086844154598701
0.0	0.0	0.1	0.3	0.0	1.0	-6.088563316624023	-3.178476927829433	-9.267040244453456	-6.088563316624023	-3.178476927829433	-9.267040244453456	-7.931417362707978	-3.484558791698301	-11.415976154406279
0.0	0.0	0.1	0.3	0.5	0.0	-4.216493486070407	-2.832309826882073	-7.048803312952479	-4.216493486070407	-2.832309826882073	-7.048803312952479	-6.751656472183212	-3.283445037535278	-10.03510150971849
0.0	0.0	0.1	0.3	0.5	0.5	-5.242305794149681	-2.994410269961376	-8.236716064111057	-5.242305794149681	-2.994410269961376	-8.236716064111057	-6.74593083829849	-3.3837329143349257	-10.129663752633416
0.0	0.0	0.1	0.3	0.5	1.0	-6.450786263194057	-3.2156302480597465	-9.666416511253804	-6.450786263194057	-3.2156302480597465	-9.666416511253804	-7.119139181937079	-3.430867787906035	-10.550006969843114
0.0	0.0	0.1	0.3	1.0	0.0	-4.81973305483093	-2.6239211705264274	-7.443654225357358	-4.81973305483093	-2.6239211705264274	-7.443654225357358	-6.640990997584767	-3.1588730353308	-9.799864032915567
0.0	0.0	0.1	0.3	1.0	0.5	-5.8548469200446345	-2.787187354144134	-8.642034274188768	-5.8548469200446345	-2.787187354144134	-8.642034274188768	-6.672125190773299	-3.295125914204665	-9.967251104977963
0.0	0.0	0.1	0.3	1.0	1.0	-7.088339398816734	-3.0416009436146223	-10.129940342431356	-7.088339398816734	-3.0416009436146223	-10.129940342431356	-7.16620986116965	-3.393613905337503	-10.559823766507153
0.0	0.0	1.0	0.3	0.0	0.0	-2.7909948570949377	-2.842478487383763	-5.6334733444787	-2.7909948570949377	-2.842478487383763	-5.6334733444787	-7.025315574256859	-3.341614142919344	-10.366929717176204
0.0	0.0	1.0	0.3	0.0	0.5	-4.151797042880325	-2.8205341348112527	-6.9723311776915775	-4.151797042880325	-2.8205341348112527	-6.9723311776915775	-7.250053604932777	-3.4015284442323734	-10.65158204916515
0.0	0.0	1.0	0.3	0.0	1.0	-5.590936345396006	-2.792561253989577	-8.383497599385583	-5.590936345396006	-2.792561253989577	-8.383497599385583	-7.64751178101748	-3.4586810391121285	-11.106192820129609
0.0	0.0	1.0	0.3	0.5	0.0	-2.981505669649657	-2.987473816000203	-5.96897948564986	-2.981505669649657	-2.987473816000203	-5.96897948564986	-6.299223686962779	-3.3451904868298383	-9.644414173792617
0.0	0.0	1.0	0.3	0.5	0.5	-4.280204436069808	-3.014379205675495	-7.294583641745303	-4.280204436069808	-3.014379205675495	-7.294583641745303	-6.444492222219246	-3.3825335313690212	-9.827025753588266
0.0	0.0	1.0	0.3	0.5	1.0	-5.628679313093011	-3.0531941705934225	-8.681873483686434	-5.628679313093011	-3.0531941705934225	-8.681873483686434	-6.901801981420342	-3.4246013627615164	-10.326403344181859
0.0	0.0	1.0	0.3	1.0	0.0	-3.435014903437378	-3.017426404676262	-6.45244130811364	-3.435014903437378	-3.017426404676262	-6.45244130811364	-6.274222195832906	-3.3216888933179476	-9.595911089150853
0.0	0.0	1.0	0.3	1.0	0.5	-4.770049405226058	-3.051137578018303	-7.8211869832443615	-4.770049405226058	-3.051137578018303	-7.8211869832443615	-6.443025405579309	-3.353429947594507	-9.796455353173815
0.0	0.0	1.0	0.3	1.0	1.0	-6.167604188888983	-3.0879842166775275	-9.255588405566511	-6.167604188888983	-3.0879842166775275	-9.255588405566511	-6.985360735365299	-3.3911925238144507	-10.376553259179751
0.0	0.5	0.0	0.3	0.0	0.0	-4.64648634485207	-3.3550416558641487	-8.001528000716219	-4.64648634485207	-3.3550416558641487	-8.001528000716219	-7.823908383124682	-3.266334842319736	-11.090243225444418
0.0	0.5	0.0	0.3	0.0	0.5	-5.4665911492326185	-3.4273014839590483	-8.893892633191667	-5.4665911492326185	-3.4273014839590483	-8.893892633191667	-7.747848721276179	-3.4532915515097695	-11.201140272785949
0.0	0.5	0.0	0.3	0.0	1.0	-6.426076811016065	-3.5541229474670955	-9.98019975848316	-6.426076811016065	-3.5541229474670955	-9.98019975848316	-7.923211822197683	-3.5212336816732015	-11.444445503870885
0.0	0.5	0.0	0.3	0.5	0.0	-5.544229643225131	-3.3145626851653174	-8.858792328390448	-5.544229643225131	-3.3145626851653174	-8.858792328390448	-6.996016367182582	-3.274356831068104	-10.270373198250686
0.0	0.5	0.0	0.3	0.5	0.5	-6.391698677054901	-3.365957567955496	-9.757656245010397	-6.391698677054901	-3.365957567955496	-9.757656245010397	-6.8560109953376225	-3.3837595195753374	-10.23977051491296
0.0	0.5	0.0	0.3	0.5	1.0	-7.39742246765734	-3.4551815500700513	-10.85260401772739	-7.39742246765734	-3.4551815500700513	-10.85260401772739	-7.162219179220012	-3.4404051628479912	-10.602624342068003
0.0	0.5	0.0	0.3	1.0	0.0	-6.4920813672450555	-3.2717647246568204	-9.763846091901875	-6.4920813672450555	-3.2717647246568204	-9.763846091901875	-6.860387338188161	-3.104940807211049	-9.96532814539921
0.0	0.5	0.0	0.3	1.0	0.5	-7.359485863202983	-3.3084990050371537	-10.667984868240136	-7.359485863202983	-3.3084990050371537	-10.667984868240136	-6.775195034721188	-3.2647229417844623	-10.03991797650565
0.0	0.5	0.0	0.3	1.0	1.0	-8.398676520373025	-3.3713027338069677	-11.769979254179992	-8.398676520373025	-3.3713027338069677	-11.769979254179992	-7.226741607875052	-3.39418276832162	-10.620924376196673
0.0	0.5	0.1	0.3	0.0	0.0	-3.4664935544208877	-3.1791016020033593	-6.645595156424247	-3.4664935544208877	-3.1791016020033593	-6.645595156424247	-7.577510667513666	-3.277022647574215	-10.854533315087881
0.0	0.5	0.1	0.3	0.0	0.5	-4.4392475378504646	-3.3494397954970143	-7.788687333347479	-4.4392475378504646	-3.3494397954970143	-7.788687333347479	-7.582409527403015	-3.4534124206566124	-11.035821948059628
0.0	0.5	0.1	0.3	0.0	1.0	-5.546768306280521	-3.5509630087525097	-9.09773131503303	-5.546768306280521	-3.5509630087525097	-9.09773131503303	-7.812904061699676	-3.509403287015245	-11.322307348714922
0.0	0.5	0.1	0.3	0.5	0.0	-4.024679805366654	-3.0125402885944457	-7.0372200939611	-4.024679805366654	-3.0125402885944457	-7.0372200939611	-6.798074444751446	-3.266950447418582	-10.065024892170028
0.0	0.5	0.1	0.3	0.5	0.5	-5.023996611912506	-3.183942173312146	-8.207938785224652	-5.023996611912506	-3.183942173312146	-8.207938785224652	-6.745930838298527	-3.383732914334926	-10.129663752633453
0.0	0.5	0.1	0.3	0.5	1.0	-6.187944152840208	-3.410674612294308	-9.598618765134516	-6.187944152840208	-3.410674612294308	-9.598618765134516	-7.087925651925237	-3.438291259548753	-10.52621691147399
0.0	0.5	0.1	0.3	1.0	0.0	-4.668303153521716	-2.7786570901555465	-7.446960243677262	-4.668303153521716	-2.7786570901555465	-7.446960243677262	-6.69858755659166	-3.1373491975553702	-9.83593675414703
0.0	0.5	0.1	0.3	1.0	0.5	-5.6951592623975325	-2.9415592993810575	-8.63671856177859	-5.6951592623975325	-2.9415592993810575	-8.63671856177859	-6.694545431655706	-3.288241726269645	-9.982787157925351
0.0	0.5	0.1	0.3	1.0	1.0	-6.916694851128936	-3.1889722676544263	-10.105667118783362	-6.916694851128936	-3.1889722676544263	-10.105667118783362	-7.166209861169598	-3.393613905337503	-10.559823766507101
0.0	0.5	1.0	0.3	0.0	0.0	-2.2611416362414074	-3.3029937874150774	-5.564135423656484	-2.2611416362414074	-3.3029937874150774	-5.564135423656484	-7.025315574256859	-3.341614142919344	-10.366929717176204
0.0	0.5	1.0	0.3	0.0	0.5	-3.493600341761728	-3.362281875910544	-6.8558822176722725	-3.493600341761728	-3.362281875910544	-6.8558822176722725	-7.1812996239407765	-3.422131032064885	-10.603430656005662
0.0	0.5	1.0	0.3	0.0	1.0	-4.733730449467296	-3.4562758100302107	-8.190006259497506	-4.733730449467296	-3.4562758100302107	-8.190006259497506	-7.535051362685278	-3.4867712258098336	-11.021822588495112
0.0	0.5	1.0	0.3	0.5	0.0	-2.6308234912603785	-3.2930910758774634	-5.923914567137842	-2.6308234912603785	-3.2930910758774634	-5.923914567137842	-6.345118730755938	-3.3291500406199153	-9.674268771375854
0.0	0.5	1.0	0.3	0.5	0.5	-3.886892830793454	-3.335305709484964	-7.222198540278418	-3.886892830793454	-3.335305709484964	-7.222198540278418	-6.4444922222192496	-3.382533531369021	-9.82702575358827
0.0	0.5	1.0	0.3	0.5	1.0	-5.178237864314793	-3.3973848862266682	-8.575622750541461	-5.178237864314793	-3.3973848862266682	-8.575622750541461	-6.871681919394594	-3.4322736682448376	-10.303955587639432
0.0	0.5	1.0	0.3	1.0	0.0	-3.1544173966080398	-3.2726556584059505	-6.42707305501399	-3.1544173966080398	-3.2726556584059505	-6.42707305501399	-6.330168491422274	-3.302596210523468	-9.632764701945742
0.0	0.5	1.0	0.3	1.0	0.5	-4.466895050527227	-3.307260420213732	-7.7741554707409595	-4.466895050527227	-3.307260420213732	-7.7741554707409595	-6.4649927931661395	-3.3471157170136094	-9.81210851017975
0.0	0.5	1.0	0.3	1.0	1.0	-5.837501605472299	-3.3489758931427303	-9.186477498615028	-5.837501605472299	-3.3489758931427303	-9.186477498615028	-6.985360735365271	-3.391192523814451	-10.376553259179722
0.0	1.0	0.0	0.3	0.0	0.0	-5.473323263807737	-3.395072387551137	-8.868395651358874	-5.473323263807737	-3.395072387551137	-8.868395651358874	-7.823908383124682	-3.266334842319736	-11.090243225444418
0.0	1.0	0.0	0.3	0.0	0.5	-6.3193445132226085	-3.4452402083401426	-9.764584721562752	-6.3193445132226085	-3.4452402083401426	-9.764584721562752	-7.71319093208445	-3.4617320550991586	-11.174922987183608
0.0	1.0	0.0	0.3	0.0	1.0	-7.325311964645964	-3.529840275574622	-10.855152240220587	-7.325311964645964	-3.529840275574622	-10.855152240220587	-7.865693778415169	-3.5291413260287627	-11.394835104443931
0.0	1.0	0.0	0.3	0.5	0.0	-6.375420316291537	-3.358500513844921	-9.733920830136459	-6.375420316291537	-3.358500513844921	-9.733920830136459	-7.020556454312968	-3.2674717827271156	-10.288028237040084
0.0	1.0	0.0	0.3	0.5	0.5	-7.239539420766484	-3.396496489192191	-10.636035909958675	-7.239539420766484	-3.396496489192191	-10.636035909958675	-6.856010995337634	-3.383759519575338	-10.239770514912973
0.0	1.0	0.0	0.3	0.5	1.0	-8.274904997869468	-3.4595045784420098	-11.734409576311478	-8.274904997869468	-3.4595045784420098	-11.734409576311478	-7.146585021533392	-3.4432496319767814	-10.589834653510174
0.0	1.0	0.0	0.3	1.0	0.0	-7.324087244788906	-3.3206510740811113	-10.644738318870017	-7.324087244788906	-3.3206510740811113	-10.644738318870017	-6.8935315896948195	-3.0949754166100054	-9.988507006304825
0.0	1.0	0.0	0.3	1.0	0.5	-8.201965632579817	-3.34972921698838	-11.551694849568197	-8.201965632579817	-3.34972921698838	-11.551694849568197	-6.7872677221684246	-3.261467425382298	-10.048735147550723
0.0	1.0	0.0	0.3	1.0	1.0	-9.259175203037163	-3.3972010292008132	-12.656376232237976	-9.259175203037163	-3.3972010292008132	-12.656376232237976	-7.22674160787504	-3.3941827683216195	-10.620924376196658
0.0	1.0	0.1	0.3	0.0	0.0	-3.550813265784853	-3.114083352296248	-6.664896618081102	-3.550813265784853	-3.114083352296248	-6.664896618081102	-7.577510667513666	-3.277022647574215	-10.854533315087881
0.0	1.0	0.1	0.3	0.0	0.5	-4.575036820247359	-3.2596014914235485	-7.834638311670908	-4.575036820247359	-3.2596014914235485	-7.834638311670908	-7.548672370526931	-3.461366263384021	-11.010038633910952
0.0	1.0	0.1	0.3	0.0	1.0	-5.76586221469532	-3.4410927539190337	-9.206954968614353	-5.76586221469532	-3.4410927539190337	-9.206954968614353	-7.757230469151592	-3.5179629961760432	-11.275193465327636
0.0	1.0	0.1	0.3	0.5	0.0	-4.057478443560363	-2.983968108840651	-7.041446552401014	-4.057478443560363	-2.983968108840651	-7.041446552401014	-6.821946259875437	-3.259377511004561	-10.081323770879997
0.0	1.0	0.1	0.3	0.5	0.5	-5.091322196588649	-3.131666927939992	-8.222989124528642	-5.091322196588649	-3.131666927939992	-8.222989124528642	-6.745930838298539	-3.383732914334927	-10.129663752633466
0.0	1.0	0.1	0.3	0.5	1.0	-6.311329760141233	-3.335457968418809	-9.646787728560042	-6.311329760141233	-3.335457968418809	-9.646787728560042	-7.072623018143292	-3.4411818218116847	-10.513804839954977
0.0	1.0	0.1	0.3	1.0	0.0	-4.662286030689435	-2.784671591228667	-7.446957621918102	-4.662286030689435	-2.784671591228667	-7.446957621918102	-6.730440716970255	-3.126796204606087	-9.857236921576343
0.0	1.0	0.1	0.3	1.0	0.5	-5.713138531104192	-2.9250856178728704	-8.638224148977063	-5.713138531104192	-2.9250856178728704	-8.638224148977063	-6.706439870623415	-3.285075257204902	-9.991515127828317
0.0	1.0	0.1	0.3	1.0	1.0	-6.975093898602748	-3.143593301691427	-10.118687200294175	-6.975093898602748	-3.143593301691427	-10.118687200294175	-7.16620986116957	-3.3936139053375043	-10.559823766507074
0.0	1.0	1.0	0.3	0.0	0.0	-2.1946026067108413	-3.350704889184937	-5.545307495895779	-2.1946026067108413	-3.350704889184937	-5.545307495895779	-7.025315574256859	-3.341614142919344	-10.366929717176204
0.0	1.0	1.0	0.3	0.0	0.5	-3.47877069626243	-3.372388808559805	-6.851159504822235	-3.47877069626243	-3.372388808559805	-6.851159504822235	-7.149600677015921	-3.4301095666663413	-10.579710243682262
0.0	1.0	1.0	0.3	0.0	1.0	-4.8022398346975645	-3.4160602936487434	-8.218300128346307	-4.8022398346975645	-3.4160602936487434	-8.218300128346307	-7.4836865739399805	-3.49680034328918	-10.980486917229161
0.0	1.0	1.0	0.3	0.5	0.0	-2.5497151572395174	-3.3535112140645444	-5.903226371304061	-2.5497151572395174	-3.3535112140645444	-5.903226371304061	-6.368257435860688	-3.3217133321762575	-9.689970768036945
0.0	1.0	1.0	0.3	0.5	0.5	-3.835592785636032	-3.371206914480854	-7.2067997001168855	-3.835592785636032	-3.371206914480854	-7.2067997001168855	-6.444492222219262	-3.3825335313690217	-9.827025753588284
0.0	1.0	1.0	0.3	0.5	1.0	-5.1717993580320964	-3.4016919629254745	-8.57349132095757	-5.1717993580320964	-3.4016919629254745	-8.57349132095757	-6.857056672086223	-3.4352593739400934	-10.292316046026317
0.0	1.0	1.0	0.3	1.0	0.0	-3.062577683191604	-3.344879025203911	-6.4074567083955145	-3.062577683191604	-3.344879025203911	-6.4074567083955145	-6.360437388708957	-3.2930329680166017	-9.653470356725558
0.0	1.0	1.0	0.3	1.0	0.5	-4.394192208578284	-3.360719259979116	-7.7549114685574	-4.394192208578284	-3.360719259979116	-7.7549114685574	-6.476500603078678	-3.3442238599984724	-9.82072446307715
0.0	1.0	1.0	0.3	1.0	1.0	-5.79376052178677	-3.379282280505534	-9.173042802292304	-5.79376052178677	-3.379282280505534	-9.173042802292304	-6.9853607353652585	-3.391192523814451	-10.37655325917971
0.5	0.0	0.0	0.3	0.0	0.0	-5.915159722243613	-2.8822069253690383	-8.797366647612652	-5.915159722243613	-2.8822069253690383	-8.797366647612652	-7.823908383124682	-3.266334842319736	-11.090243225444418
0.5	0.0	0.0	0.3	0.0	0.5	-6.968798939026051	-2.953774717101499	-9.92257365612755	-6.968798939026051	-2.953774717101499	-9.92257365612755	-8.052423756448166	-3.451673160454342	-11.504096916902508
0.5	0.0	0.0	0.3	0.0	1.0	-8.173506442806733	-3.039510185610192	-11.213016628416925	-8.173506442806733	-3.039510185610192	-11.213016628416925	-8.398644462683302	-3.51156816804927	-11.910212630732573
0.5	0.0	0.0	0.3	0.5	0.0	-6.206261801230023	-2.8914893843970404	-9.097751185627065	-6.206261801230023	-2.8914893843970404	-9.097751185627065	-6.617838966421461	-3.24874504518746	-9.866584011608921
0.5	0.0	0.0	0.3	0.5	0.5	-7.216911645331197	-3.0354873845142616	-10.252399029845458	-7.216911645331197	-3.0354873845142616	-10.252399029845458	-6.856010995337594	-3.3837595195753374	-10.239770514912932
0.5	0.0	0.0	0.3	0.5	1.0	-8.33767869694838	-3.2222644508213114	-11.559943147769692	-8.33767869694838	-3.2222644508213114	-11.559943147769692	-7.349903599900257	-3.4358124523592064	-10.785716052259463
0.5	0.0	0.0	0.3	1.0	0.0	-6.791162797653792	-2.7031326411910124	-9.494295438844805	-6.791162797653792	-2.7031326411910124	-9.494295438844805	-6.210607967368489	-3.078226184403335	-9.288834151771823
0.5	0.0	0.0	0.3	1.0	0.5	-7.826626142406855	-2.8726228972663383	-10.699249039673195	-7.826626142406855	-2.8726228972663383	-10.699249039673195	-6.567776251673371	-3.2645955446867574	-9.832371796360128
0.5	0.0	0.0	0.3	1.0	1.0	-8.974325488464423	-3.0958661878944316	-12.070191676358855	-8.974325488464423	-3.0958661878944316	-12.070191676358855	-7.226741607875022	-3.3941827683216195	-10.62092437619664
0.5	0.0	0.1	0.3	0.0	0.0	-5.615708319172054	-2.765885383376716	-8.38159370254877	-5.615708319172054	-2.765885383376716	-8.38159370254877	-7.577510667513666	-3.277022647574215	-10.854533315087881
0.5	0.0	0.1	0.3	0.0	0.5	-6.758759483261378	-2.8879554930128952	-9.646714976274273	-6.758759483261378	-2.8879554930128952	-9.646714976274273	-7.881709029758449	-3.4475970927113915	-11.329306122469841
0.5	0.0	0.1	0.3	0.0	1.0	-8.03336009184968	-3.0206205674596265	-11.053980659309307	-8.03336009184968	-3.0206205674596265	-11.053980659309307	-8.276010276296464	-3.497372599309119	-11.773382875605584
0.5	0.0	0.1	0.3	0.5	0.0	-5.785946718296156	-2.790040150076317	-8.575986868372473	-5.785946718296156	-2.790040150076317	-8.575986868372473	-6.4364755624169145	-3.2610934695005747	-9.697569031917489
0.5	0.0	0.1	0.3	0.5	0.5	-6.876501233811624	-2.983428107410424	-9.859929341222047	-6.876501233811624	-2.983428107410424	-9.859929341222047	-6.745930838298505	-3.383732914334926	-10.12966375263343
0.5	0.0	0.1	0.3	0.5	1.0	-8.055728042451584	-3.210795953413546	-11.26652399586513	-8.055728042451584	-3.210795953413546	-11.26652399586513	-7.272515967883314	-3.4339916554961856	-10.7065076233795
0.5	0.0	0.1	0.3	1.0	0.0	-6.277115502033751	-2.606691777675617	-8.883807279709368	-6.277115502033751	-2.606691777675617	-8.883807279709368	-6.079578965918393	-3.1341055378756186	-9.213684503794012
0.5	0.0	0.1	0.3	1.0	0.5	-7.399770511416269	-2.81310976206017	-10.212880273476438	-7.399770511416269	-2.81310976206017	-10.212880273476438	-6.489385419376136	-3.2900934118803895	-9.779478831256526
0.5	0.0	0.1	0.3	1.0	1.0	-8.617135747589948	-3.0727046851772326	-11.68984043276718	-8.617135747589948	-3.0727046851772326	-11.68984043276718	-7.1662098611696035	-3.3936139053375034	-10.559823766507106
0.5	0.0	1.0	0.3	0.0	0.0	-4.987938539853034	-2.8911389283537074	-7.8790774682067415	-4.987938539853034	-2.8911389283537074	-7.8790774682067415	-7.025315574256859	-3.341614142919344	-10.366929717176204
0.5	0.0	1.0	0.3	0.0	0.5	-6.379262997972422	-2.8729001156127043	-9.252163113585127	-6.379262997972422	-2.8729001156127043	-9.252163113585127	-7.464111484248823	-3.4057136481056984	-10.86982513235452
0.5	0.0	1.0	0.3	0.0	1.0	-7.818127656886448	-2.8514617887342086	-10.669589445620657	-7.818127656886448	-2.8514617887342086	-10.669589445620657	-7.9610967492635325	-3.469307319840566	-11.4304040691041
0.5	0.0	1.0	0.3	0.5	0.0	-4.983188993314614	-3.050076561933622	-8.033265555248235	-4.983188993314614	-3.050076561933622	-8.033265555248235	-6.001846019597029	-3.341094207518588	-9.342940227115617
0.5	0.0	1.0	0.3	0.5	0.5	-6.279382633376363	-3.0909392044538704	-9.370321837830232	-6.279382633376363	-3.0909392044538704	-9.370321837830232	-6.444492222219223	-3.38253353136902	-9.827025753588243
0.5	0.0	1.0	0.3	0.5	1.0	-7.563905920526221	-3.150580621457932	-10.714486541984153	-7.563905920526221	-3.150580621457932	-10.714486541984153	-7.048302398240616	-3.4281160069203396	-10.476418405160956
0.5	0.0	1.0	0.3	1.0	0.0	-5.373514694006895	-3.0711865527108335	-8.444701246717727	-5.373514694006895	-3.0711865527108335	-8.444701246717727	-5.748773824905266	-3.316224937116132	-9.064998762021398
0.5	0.0	1.0	0.3	1.0	0.5	-6.717944510499809	-3.1133300111171534	-9.831274521616962	-6.717944510499809	-3.1133300111171534	-9.831274521616962	-6.264237356803717	-3.3511444527026604	-9.615381809506378
0.5	0.0	1.0	0.3	1.0	1.0	-8.058535872256293	-3.165495981147482	-11.224031853403774	-8.058535872256293	-3.165495981147482	-11.224031853403774	-6.985360735365239	-3.3911925238144516	-10.37655325917969
0.5	0.5	0.0	0.3	0.0	0.0	-4.169241790843081	-3.2779125792038664	-7.447154370046947	-4.169241790843081	-3.2779125792038664	-7.447154370046947	-7.823908383124682	-3.266334842319736	-11.090243225444418
0.5	0.5	0.0	0.3	0.0	0.5	-4.9296038891328315	-3.4981286106464426	-8.427732499779275	-4.9296038891328315	-3.4981286106464426	-8.427732499779275	-7.889473704639947	-3.4681638980729548	-11.357637602712902
0.5	0.5	0.0	0.3	0.0	1.0	-5.692222641942651	-3.5716631249643873	-9.263885766907038	-5.692222641942651	-3.5716631249643873	-9.263885766907038	-8.124462082182937	-3.516711785352313	-11.641173867535251
0.5	0.5	0.0	0.3	0.5	0.0	-4.841616243849131	-2.9716309370517915	-7.813247180900923	-4.841616243849131	-2.9716309370517915	-7.813247180900923	-6.739475162824101	-3.23482044219739	-9.974295605021492
0.5	0.5	0.0	0.3	0.5	0.5	-5.737989847374217	-3.2772499333972642	-9.01523978077148	-5.737989847374217	-3.2772499333972642	-9.01523978077148	-6.8560109953375825	-3.383759519575337	-10.23977051491292
0.5	0.5	0.0	0.3	0.5	1.0	-6.64999706510334	-3.516195406263643	-10.166192471366983	-6.64999706510334	-3.516195406263643	-10.166192471366983	-7.26733929377168	-3.4399054275330823	-10.707244721304761
0.5	0.5	0.0	0.3	1.0	0.0	-5.528106812375981	-2.60144125854346	-8.12954807091944	-5.528106812375981	-2.60144125854346	-8.12954807091944	-6.374157403328196	-3.0566113407165343	-9.43076874404473
0.5	0.5	0.0	0.3	1.0	0.5	-6.566144197440446	-2.912320476097879	-9.478464673538324	-6.566144197440446	-2.912320476097879	-9.478464673538324	-6.632729949665814	-3.2582878126336423	-9.891017762299455
0.5	0.5	0.0	0.3	1.0	1.0	-7.639758690364603	-3.2775843662038953	-10.917343056568498	-7.639758690364603	-3.2775843662038953	-10.917343056568498	-7.226741607874986	-3.39418276832162	-10.620924376196607
0.5	0.5	0.1	0.3	0.0	0.0	-3.927873332314419	-3.2945885693901107	-7.22246190170453	-3.927873332314419	-3.2945885693901107	-7.22246190170453	-7.577510667513666	-3.277022647574215	-10.854533315087881
0.5	0.5	0.1	0.3	0.0	0.5	-4.73709798203185	-3.475451105949561	-8.212549087981412	-4.73709798203185	-3.475451105949561	-8.212549087981412	-7.72069769734121	-3.4619048811929596	-11.18260257853417
0.5	0.5	0.1	0.3	0.0	1.0	-5.537363103987867	-3.5418175444880045	-9.079180648475871	-5.537363103987867	-3.5418175444880045	-9.079180648475871	-8.00616212825703	-3.506211015901091	-11.51237314415812
0.5	0.5	0.1	0.3	0.5	0.0	-4.530173333764021	-3.065925360939182	-7.596098694703203	-4.530173333764021	-3.065925360939182	-7.596098694703203	-6.556059008945481	-3.2465789955489868	-9.802638004494469
0.5	0.5	0.1	0.3	0.5	0.5	-5.4733995495239665	-3.3100072226878217	-8.783406772211787	-5.4733995495239665	-3.3100072226878217	-8.783406772211787	-6.745930838298511	-3.383732914334926	-10.129663752633437
0.5	0.5	0.1	0.3	0.5	1.0	-6.4268784881953245	-3.486188879969754	-9.913067368165079	-6.4268784881953245	-3.486188879969754	-9.913067368165079	-7.190801811578265	-3.438365341713109	-10.629167153291373
0.5	0.5	0.1	0.3	1.0	0.0	-5.177847586909906	-2.7784601196261614	-7.956307706536068	-5.177847586909906	-2.7784601196261614	-7.956307706536068	-6.239882776449704	-3.113470607085857	-9.353353383535561
0.5	0.5	0.1	0.3	1.0	0.5	-6.252659306151644	-3.0422731088626094	-9.294932415014253	-6.252659306151644	-3.0422731088626094	-9.294932415014253	-6.553732812360531	-3.28437153364063	-9.838104346001161
0.5	0.5	0.1	0.3	1.0	1.0	-7.361445986151713	-3.3185893449105546	-10.680035331062268	-7.361445986151713	-3.3185893449105546	-10.680035331062268	-7.166209861169566	-3.3936139053375034	-10.559823766507069
0.5	0.5	1.0	0.3	0.0	0.0	-3.3833637554098392	-3.3595134943762828	-6.7428772497861225	-3.3833637554098392	-3.3595134943762828	-6.7428772497861225	-7.025315574256859	-3.341614142919344	-10.366929717176204
0.5	0.5	1.0	0.3	0.0	0.5	-4.332041293940543	-3.424574902612446	-7.756616196552989	-4.332041293940543	-3.424574902612446	-7.756616196552989	-7.30712420061406	-3.4204818369333068	-10.727606037547368
0.5	0.5	1.0	0.3	0.0	1.0	-5.20676391036239	-3.498623389397706	-8.705387299760096	-5.20676391036239	-3.498623389397706	-8.705387299760096	-7.701230530056812	-3.487563126180908	-11.18879365623772
0.5	0.5	1.0	0.3	0.5	0.0	-3.8744545887027106	-3.325186062163299	-7.19964065086601	-3.8744545887027106	-3.325186062163299	-7.19964065086601	-6.118561725381072	-3.330381060714131	-9.448942786095204
0.5	0.5	1.0	0.3	0.5	0.5	-4.9666885754230155	-3.3725721849434422	-8.339260760366457	-4.9666885754230155	-3.3725721849434422	-8.339260760366457	-6.444492222219212	-3.3825335313690195	-9.82702575358823
0.5	0.5	1.0	0.3	0.5	1.0	-6.008026923374844	-3.4329881477386386	-9.441015071113483	-6.008026923374844	-3.4329881477386386	-9.441015071113483	-6.968743493549959	-3.4331997614277343	-10.401943254977693
0.5	0.5	1.0	0.3	1.0	0.0	-4.467739488703389	-3.295535726565711	-7.7632752152691	-4.467739488703389	-3.295535726565711	-7.7632752152691	-5.904083173637467	-3.304071212581099	-9.208154386218567
0.5	0.5	1.0	0.3	1.0	0.5	-5.691527464642091	-3.3321056753806224	-9.023633140022714	-5.691527464642091	-3.3321056753806224	-9.023633140022714	-6.3271900917626365	-3.3469812819783207	-9.674171373740958
0.5	0.5	1.0	0.3	1.0	1.0	-6.885873361626615	-3.3782399634040554	-10.26411332503067	-6.885873361626615	-3.3782399634040554	-10.26411332503067	-6.985360735365208	-3.3911925238144525	-10.37655325917966
0.5	1.0	0.0	0.3	0.0	0.0	-3.7451652345746917	-3.290974534436741	-7.036139769011433	-3.7451652345746917	-3.290974534436741	-7.036139769011433	-7.823908383124682	-3.266334842319736	-11.090243225444418
0.5	1.0	0.0	0.3	0.0	0.5	-4.528002836598959	-3.4780425120538068	-8.006045348652766	-4.528002836598959	-3.4780425120538068	-8.006045348652766	-7.798771769363173	-3.4753470129265076	-11.27411878228968
0.5	1.0	0.0	0.3	0.0	1.0	-5.311689914392146	-3.476994149874475	-8.788684064266622	-5.311689914392146	-3.476994149874475	-8.788684064266622	-7.973975892909802	-3.5168028460814424	-11.490778738991246
0.5	1.0	0.0	0.3	0.5	0.0	-4.403837342007	-2.9951960917242353	-7.399033433731235	-4.403837342007	-2.9951960917242353	-7.399033433731235	-6.811891267555361	-3.227851348285231	-10.039742615840591
0.5	1.0	0.0	0.3	0.5	0.5	-5.330995507180539	-3.2890142157525006	-8.62000972293304	-5.330995507180539	-3.2890142157525006	-8.62000972293304	-6.8560109953375985	-3.3837595195753374	-10.239770514912935
0.5	1.0	0.0	0.3	0.5	1.0	-6.270901056780083	-3.4865947324662288	-9.757495789246311	-6.270901056780083	-3.4865947324662288	-9.757495789246311	-7.2203194212778525	-3.4415386326298183	-10.661858053907672
0.5	1.0	0.0	0.3	1.0	0.0	-5.053592773916736	-2.639847353768555	-7.693440127685291	-5.053592773916736	-2.639847353768555	-7.693440127685291	-6.47653528373332	-3.044876392073373	-9.521411675806693
0.5	1.0	0.0	0.3	1.0	0.5	-6.132320426274757	-2.935607323888932	-9.067927750163689	-6.132320426274757	-2.935607323888932	-9.067927750163689	-6.672171323462942	-3.254957598739819	-9.927128922202762
0.5	1.0	0.0	0.3	1.0	1.0	-7.247393031146676	-3.288358570988716	-10.535751602135392	-7.247393031146676	-3.288358570988716	-10.535751602135392	-7.22674160787502	-3.39418276832162	-10.62092437619664
0.5	1.0	0.1	0.3	0.0	0.0	-3.5192790401128944	-3.319989687126541	-6.8392687272394355	-3.5192790401128944	-3.319989687126541	-6.8392687272394355	-7.577510667513666	-3.277022647574215	-10.854533315087881
0.5	1.0	0.1	0.3	0.0	0.5	-4.343838748262818	-3.462185403394811	-7.806024151657629	-4.343838748262818	-3.462185403394811	-7.806024151657629	-7.6318358747135076	-3.4679976774899766	-11.099833552203485
0.5	1.0	0.1	0.3	0.0	1.0	-5.161931899944399	-3.4705087907184184	-8.632440690662818	-5.161931899944399	-3.4705087907184184	-8.632440690662818	-7.859073093298432	-3.508334735607555	-11.367407828905986
0.5	1.0	0.1	0.3	0.5	0.0	-4.123404218622373	-3.1088083812059017	-7.232212599828275	-4.123404218622373	-3.1088083812059017	-7.232212599828275	-6.62674380713414	-3.239001759535234	-9.865745566669375
0.5	1.0	0.1	0.3	0.5	0.5	-5.087188979989465	-3.3297257468948667	-8.416914726884333	-5.087188979989465	-3.3297257468948667	-8.416914726884333	-6.7459308382985075	-3.383732914334926	-10.129663752633434
0.5	1.0	0.1	0.3	0.5	1.0	-6.061966941659019	-3.464663017350701	-9.526629959009721	-6.061966941659019	-3.464663017350701	-9.526629959009721	-7.144470685471994	-3.440175763052863	-10.584646448524857
0.5	1.0	0.1	0.3	1.0	0.0	-4.7512139214472455	-2.839055362443714	-7.59026928389096	-4.7512139214472455	-2.839055362443714	-7.59026928389096	-6.339579529522643	-3.101974483012258	-9.441554012534901
0.5	1.0	0.1	0.3	1.0	0.5	-5.854014158369673	-3.0848556653785093	-8.938869823748183	-5.854014158369673	-3.0848556653785093	-8.938869823748183	-6.592699349906091	-3.28136518589227	-9.874064535798361
0.5	1.0	0.1	0.3	1.0	1.0	-6.9917469403884684	-3.335321639240425	-10.327068579628893	-6.9917469403884684	-3.335321639240425	-10.327068579628893	-7.166209861169586	-3.3936139053375034	-10.559823766507089
0.5	1.0	1.0	0.3	0.0	0.0	-2.99905548254925	-3.388207440823424	-6.387262923372674	-2.99905548254925	-3.388207440823424	-6.387262923372674	-7.025315574256859	-3.341614142919344	-10.366929717176204
0.5	1.0	1.0	0.3	0.0	0.5	-3.9525292791726017	-3.428113827321195	-7.380643106493796	-3.9525292791726017	-3.428113827321195	-7.380643106493796	-7.221954308298764	-3.4268592483925855	-10.64881355669135
0.5	1.0	1.0	0.3	0.0	1.0	-4.843496310316519	-3.478779856698195	-8.322276167014714	-4.843496310316519	-3.478779856698195	-8.322276167014714	-7.561740317857806	-3.4945510503797834	-11.05629136823759
0.5	1.0	1.0	0.3	0.5	0.0	-3.5119166698109265	-3.3666775721780082	-6.878594241988935	-3.5119166698109265	-3.3666775721780082	-6.878594241988935	-6.18669864072878	-3.3247970758394274	-9.511495716568207
0.5	1.0	1.0	0.3	0.5	0.5	-4.60816474284818	-3.393214449206898	-8.001379192055078	-4.60816474284818	-3.393214449206898	-8.001379192055078	-6.4444922222192265	-3.38253353136902	-9.827025753588247
0.5	1.0	1.0	0.3	0.5	1.0	-5.663854098353046	-3.43211685054985	-9.095970948902895	-5.663854098353046	-3.43211685054985	-9.095970948902895	-6.92402609111079	-3.4354384761457517	-10.359464567256541
0.5	1.0	1.0	0.3	1.0	0.0	-4.107985436170237	-3.349727235865781	-7.457712672036018	-4.107985436170237	-3.349727235865781	-7.457712672036018	-5.999494134597519	-3.297325479049404	-9.296819613646923
0.5	1.0	1.0	0.3	1.0	0.5	-5.335814935778185	-3.368403393195918	-8.704218328974102	-5.335814935778185	-3.368403393195918	-8.704218328974102	-6.36502389019094	-3.3448586521481523	-9.709882542339093
0.5	1.0	1.0	0.3	1.0	1.0	-6.543068404041927	-3.395234461626346	-9.938302865668273	-6.543068404041927	-3.395234461626346	-9.938302865668273	-6.985360735365241	-3.391192523814452	-10.376553259179692
1.0	0.0	0.0	0.3	0.0	0.0	-7.678425317461889	-2.667894659145636	-10.346319976607525	-7.678425317461889	-2.667894659145636	-10.346319976607525	-7.823908383124682	-3.266334842319736	-11.090243225444418
1.0	0.0	0.0	0.3	0.0	0.5	-8.812591763802146	-2.756639478402522	-11.569231242204669	-8.812591763802146	-2.756639478402522	-11.569231242204669	-8.21039008248771	-3.46598793872173	-11.67637802120944
1.0	0.0	0.0	0.3	0.0	1.0	-10.05772073923502	-2.85598517905446	-12.91370591828948	-10.05772073923502	-2.85598517905446	-12.91370591828948	-8.642891066458924	-3.519964323658688	-12.162855390117613
1.0	0.0	0.0	0.3	0.5	0.0	-7.651244085173461	-2.804875273049205	-10.456119358222667	-7.651244085173461	-2.804875273049205	-10.456119358222667	-6.394672081678122	-3.2249226956531265	-9.619594777331248
1.0	0.0	0.0	0.3	0.5	0.5	-8.687876467841704	-3.0143228725668627	-11.702199340408567	-8.687876467841704	-3.0143228725668627	-11.702199340408567	-6.856010995337602	-3.3837595195753374	-10.239770514912939
1.0	0.0	0.0	0.3	0.5	1.0	-9.761859957898025	-3.2581622099359095	-13.020022167833934	-9.761859957898025	-3.2581622099359095	-13.020022167833934	-7.459566544687442	-3.437468012635617	-10.89703455732306
1.0	0.0	0.0	0.3	1.0	0.0	-8.115511012962063	-2.61952657688998	-10.735037589852043	-8.115511012962063	-2.61952657688998	-10.735037589852043	-5.8206931179059085	-3.0565775579435686	-8.877270675849477
1.0	0.0	0.0	0.3	1.0	0.5	-9.19303503331678	-2.849348560779267	-12.042383594096048	-9.19303503331678	-2.849348560779267	-12.042383594096048	-6.440150179369314	-3.260106187320105	-9.70025636668942
1.0	0.0	0.0	0.3	1.0	1.0	-10.308522034396944	-3.1254019114475646	-13.433923945844509	-10.308522034396944	-3.1254019114475646	-13.433923945844509	-7.226741607875054	-3.394182768321619	-10.620924376196673
1.0	0.0	0.1	0.3	0.0	0.0	-7.5238963576931805	-2.707454550131651	-10.231350907824831	-7.5238963576931805	-2.707454550131651	-10.231350907824831	-7.577510667513666	-3.277022647574215	-10.854533315087881
1.0	0.0	0.1	0.3	0.0	0.5	-8.724066146236243	-2.8193520118185953	-11.543418158054838	-8.724066146236243	-2.8193520118185953	-11.543418158054838	-8.036777811989413	-3.4576863038430696	-11.494464115832482
1.0	0.0	0.1	0.3	0.0	1.0	-10.018905989540604	-2.933080318198963	-12.951986307739567	-10.018905989540604	-2.933080318198963	-12.951986307739567	-8.514957217229115	-3.5054430392728406	-12.020400256501956
1.0	0.0	0.1	0.3	0.5	0.0	-7.424685858138079	-2.8444637578365657	-10.269149615974644	-7.424685858138079	-2.8444637578365657	-10.269149615974644	-6.224605630053772	-3.2480019937422644	-9.472607623796037
1.0	0.0	0.1	0.3	0.5	0.5	-8.514863099515807	-3.061948561934934	-11.57681166145074	-8.514863099515807	-3.061948561934934	-11.57681166145074	-6.74593083829851	-3.383732914334926	-10.129663752633437
1.0	0.0	0.1	0.3	0.5	1.0	-9.623014273018395	-3.285338291737527	-12.908352564755923	-9.623014273018395	-3.285338291737527	-12.908352564755923	-7.380281868443719	-3.435947021222115	-10.816228889665833
1.0	0.0	0.1	0.3	1.0	0.0	-7.83756259675569	-2.6771053252331614	-10.514667921988853	-7.83756259675569	-2.6771053252331614	-10.514667921988853	-5.706769162302215	-3.1223914217437247	-8.82916058404594
1.0	0.0	0.1	0.3	1.0	0.5	-8.974211410785623	-2.912942949279726	-11.887154360065349	-8.974211410785623	-2.912942949279726	-11.887154360065349	-6.363903361248772	-3.28701574320357	-9.650919104452342
1.0	0.0	0.1	0.3	1.0	1.0	-10.131016887401008	-3.1710071584200543	-13.302024045821064	-10.131016887401008	-3.1710071584200543	-13.302024045821064	-7.166209861169612	-3.393613905337503	-10.559823766507115
1.0	0.0	1.0	0.3	0.0	0.0	-7.129649048704582	-2.933268776944793	-10.062917825649375	-7.129649048704582	-2.933268776944793	-10.062917825649375	-7.025315574256859	-3.341614142919344	-10.366929717176204
1.0	0.0	1.0	0.3	0.0	0.5	-8.531839105231548	-2.919168701058553	-11.4510078062901	-8.531839105231548	-2.919168701058553	-11.4510078062901	-7.610436093012089	-3.4081487364063503	-11.018584829418439
1.0	0.0	1.0	0.3	0.0	1.0	-9.966373950144773	-2.9032744474635193	-12.869648397608291	-9.966373950144773	-2.9032744474635193	-12.869648397608291	-8.18325657968911	-3.4762851945588347	-11.659541774247945
1.0	0.0	1.0	0.3	0.5	0.0	-6.903326210344639	-3.1128648837016026	-10.016191094046242	-6.903326210344639	-3.1128648837016026	-10.016191094046242	-5.80618322093458	-3.3388299691487737	-9.145013190083354
1.0	0.0	1.0	0.3	0.5	0.5	-8.144775928206482	-3.168171863003083	-11.312947791209565	-8.144775928206482	-3.168171863003083	-11.312947791209565	-6.44449222221923	-3.3825335313690204	-9.82702575358825
1.0	0.0	1.0	0.3	0.5	1.0	-9.329214548842671	-3.2421314692175627	-12.571346018060234	-9.329214548842671	-3.2421314692175627	-12.571346018060234	-7.151382068516437	-3.430359457663879	-10.581741526180316
1.0	0.0	1.0	0.3	1.0	0.0	-7.251563253478165	-3.1237886147933787	-10.375351868271544	-7.251563253478165	-3.1237886147933787	-10.375351868271544	-5.4044042204161675	-3.31331672617053	-8.717720946586697
1.0	0.0	1.0	0.3	1.0	0.5	-8.548324599354697	-3.1746227478786637	-11.72294734723336	-8.548324599354697	-3.1746227478786637	-11.72294734723336	-6.143560579299865	-3.349846237043822	-9.493406816343686
1.0	0.0	1.0	0.3	1.0	1.0	-9.793937311772543	-3.237504283711279	-13.031441595483823	-9.793937311772543	-3.237504283711279	-13.031441595483823	-6.985360735365271	-3.3911925238144507	-10.376553259179722
1.0	0.5	0.0	0.3	0.0	0.0	-4.665129628897141	-3.3631743054955034	-8.028303934392644	-4.665129628897141	-3.3631743054955034	-8.028303934392644	-7.823908383124682	-3.266334842319736	-11.090243225444418
1.0	0.5	0.0	0.3	0.0	0.5	-5.324054977261177	-3.464450728347099	-8.788505705608276	-5.324054977261177	-3.464450728347099	-8.788505705608276	-8.003688437754338	-3.4787192439460934	-11.482407681700431
1.0	0.5	0.0	0.3	0.0	1.0	-5.948513799787015	-3.4251720377416452	-9.373685837528662	-5.948513799787015	-3.4251720377416452	-9.373685837528662	-8.291221073282017	-3.5134211374090207	-11.804642210691037
1.0	0.5	0.0	0.3	0.5	0.0	-5.376148545579424	-3.1235938261074603	-8.499742371686885	-5.376148545579424	-3.1235938261074603	-8.499742371686885	-6.55223765539689	-3.2112818597867907	-9.763519515183681
1.0	0.5	0.0	0.3	0.5	0.5	-6.202187832676212	-3.364970937682154	-9.567158770358366	-6.202187832676212	-3.364970937682154	-9.567158770358366	-6.856010995337644	-3.383759519575338	-10.239770514912982
1.0	0.5	0.0	0.3	0.5	1.0	-6.987981279247938	-3.457049153457347	-10.445030432705284	-6.987981279247938	-3.457049153457347	-10.445030432705284	-7.350470455233577	-3.4396114106695164	-10.790081865903094
1.0	0.5	0.0	0.3	1.0	0.0	-6.114479627487988	-2.774517960786637	-8.888997588274625	-6.114479627487988	-2.774517960786637	-8.888997588274625	-6.033208771777252	-3.0344123515971493	-9.067621123374401
1.0	0.5	0.0	0.3	1.0	0.5	-7.117442103666553	-3.091404506262589	-10.208846609929143	-7.117442103666553	-3.091404506262589	-10.208846609929143	-6.52609441753607	-3.2543802098771066	-9.780474627413177
1.0	0.5	0.0	0.3	1.0	1.0	-8.083782585324228	-3.3662174904576214	-11.45000007578185	-8.083782585324228	-3.3662174904576214	-11.45000007578185	-7.226741607874986	-3.39418276832162	-10.620924376196607
1.0	0.5	0.1	0.3	0.0	0.0	-4.57206635231167	-3.3705127242008057	-7.942579076512476	-4.57206635231167	-3.3705127242008057	-7.942579076512476	-7.577510667513666	-3.277022647574215	-10.854533315087881
1.0	0.5	0.1	0.3	0.0	0.5	-5.254497466652011	-3.4554287661535925	-8.709926232805604	-5.254497466652011	-3.4554287661535925	-8.709926232805604	-7.832609620124815	-3.4679371824053944	-11.30054680253021
1.0	0.5	0.1	0.3	0.0	1.0	-5.894567740431832	-3.4380652258670077	-9.332632966298839	-5.894567740431832	-3.4380652258670077	-9.332632966298839	-8.168542807685158	-3.5043116712933156	-11.672854478978474
1.0	0.5	0.1	0.3	0.5	0.0	-5.249206818832047	-3.1904770968228977	-8.439683915654944	-5.249206818832047	-3.1904770968228977	-8.439683915654944	-6.379235890544416	-3.234619165757538	-9.613855056301954
1.0	0.5	0.1	0.3	0.5	0.5	-6.101572539642715	-3.376069007658848	-9.477641547301562	-6.101572539642715	-3.376069007658848	-9.477641547301562	-6.745930838298537	-3.3837329143349266	-10.129663752633464
1.0	0.5	0.1	0.3	0.5	1.0	-6.907734256812894	-3.4487986692743435	-10.356532926087237	-6.907734256812894	-3.4487986692743435	-10.356532926087237	-7.272366646944038	-3.438506723034891	-10.710873369978929
1.0	0.5	0.1	0.3	1.0	0.0	-5.968787939314197	-2.9244402108879686	-8.893228150202166	-5.968787939314197	-2.9244402108879686	-8.893228150202166	-5.915399193435483	-3.1026183471297872	-9.01801754056527
1.0	0.5	0.1	0.3	1.0	0.5	-6.994599937601045	-3.180551871969871	-10.175151809570917	-6.994599937601045	-3.180551871969871	-10.175151809570917	-6.448949867251709	-3.2820744627654017	-9.73102433001711
1.0	0.5	0.1	0.3	1.0	1.0	-7.978748195395791	-3.3790560198675976	-11.35780421526339	-7.978748195395791	-3.3790560198675976	-11.35780421526339	-7.166209861169549	-3.3936139053375043	-10.559823766507053
1.0	0.5	1.0	0.3	0.0	0.0	-4.309768975721505	-3.3838388076960992	-7.693607783417605	-4.309768975721505	-3.3838388076960992	-7.693607783417605	-7.025315574256859	-3.341614142919344	-10.366929717176204
1.0	0.5	1.0	0.3	0.0	0.5	-5.0707182561776865	-3.43651795747618	-8.507236213653867	-5.0707182561776865	-3.43651795747618	-8.507236213653867	-7.411516056772895	-3.4196167553194794	-10.831132812092374
1.0	0.5	1.0	0.3	0.0	1.0	-5.757052877368617	-3.488100693324857	-9.245153570693473	-5.757052877368617	-3.488100693324857	-9.245153570693473	-7.848939618954624	-3.488852630166655	-11.337792249121279
1.0	0.5	1.0	0.3	0.5	0.0	-4.92194375515698	-3.3443111621459725	-8.266254917302952	-4.92194375515698	-3.3443111621459725	-8.266254917302952	-5.956048116821887	-3.331181126098092	-9.28722924291998
1.0	0.5	1.0	0.3	0.5	0.5	-5.861553363797027	-3.388929781013609	-9.250483144810635	-5.861553363797027	-3.388929781013609	-9.250483144810635	-6.444492222219272	-3.382533531369022	-9.827025753588295
1.0	0.5	1.0	0.3	0.5	1.0	-6.724097244134661	-3.438349632195852	-10.162446876330513	-6.724097244134661	-3.438349632195852	-10.162446876330513	-7.046340362316148	-3.4339435148299056	-10.480283877146054
1.0	0.5	1.0	0.3	1.0	0.0	-5.61664136143503	-3.311049565476894	-8.927690926911923	-5.61664136143503	-3.311049565476894	-8.927690926911923	-5.60583015873615	-3.3050238182426295	-8.910853976978778
1.0	0.5	1.0	0.3	1.0	0.5	-6.723070600939281	-3.3478234188055302	-10.070894019744811	-6.723070600939281	-3.3478234188055302	-10.070894019744811	-6.226457448877282	-3.3469163203628827	-9.573373769240165
1.0	0.5	1.0	0.3	1.0	1.0	-7.756582026210512	-3.3912236904794066	-11.147805716689918	-7.756582026210512	-3.3912236904794066	-11.147805716689918	-6.985360735365209	-3.391192523814452	-10.37655325917966
1.0	1.0	0.0	0.3	0.0	0.0	-3.9485233248344183	-3.3779736854803146	-7.326497010314733	-3.9485233248344183	-3.3779736854803146	-7.326497010314733	-7.823908383124682	-3.266334842319736	-11.090243225444418
1.0	1.0	0.0	0.3	0.0	0.5	-4.626881608657804	-3.437735751791724	-8.064617360449528	-4.626881608657804	-3.437735751791724	-8.064617360449528	-7.8803596490591135	-3.484314544230252	-11.364674193289366
1.0	1.0	0.0	0.3	0.0	1.0	-5.274052551631942	-3.357911859992723	-8.631964411624665	-5.274052551631942	-3.357911859992723	-8.631964411624665	-8.084249936340063	-3.508053845381049	-11.592303781721112
1.0	1.0	0.0	0.3	0.5	0.0	-4.671288412447225	-3.1742333757596173	-7.845521788206843	-4.671288412447225	-3.1742333757596173	-7.845521788206843	-6.65163148988028	-3.20358427265734	-9.85521576253762
1.0	1.0	0.0	0.3	0.5	0.5	-5.520923916735951	-3.377825691934429	-8.89874960867038	-5.520923916735951	-3.377825691934429	-8.89874960867038	-6.856010995337586	-3.3837595195753365	-10.239770514912923
1.0	1.0	0.0	0.3	0.5	1.0	-6.333898675005187	-3.426376175501255	-9.760274850506443	-6.333898675005187	-3.426376175501255	-9.760274850506443	-7.284128511138336	-3.4404412247348497	-10.724569735873185
1.0	1.0	0.0	0.3	1.0	0.0	-5.396575395643811	-2.857078051513103	-8.253653447156914	-5.396575395643811	-2.857078051513103	-8.253653447156914	-6.172957983988367	-3.0210261927156563	-9.193984176704022
1.0	1.0	0.0	0.3	1.0	0.5	-6.427639782634617	-3.1413467175876275	-9.568986500222245	-6.427639782634617	-3.1413467175876275	-9.568986500222245	-6.581277323722654	-3.251034188092416	-9.832311511815071
1.0	1.0	0.0	0.3	1.0	1.0	-7.428826016222857	-3.3778648917165333	-10.806690907939391	-7.428826016222857	-3.3778648917165333	-10.806690907939391	-7.226741607875038	-3.3941827683216195	-10.620924376196658
1.0	1.0	0.1	0.3	0.0	0.0	-3.8710652452498895	-3.3847378803251105	-7.2558031255749995	-3.8710652452498895	-3.3847378803251105	-7.2558031255749995	-7.577510667513666	-3.277022647574215	-10.854533315087881
1.0	1.0	0.1	0.3	0.0	0.5	-4.568295797902589	-3.4349746703067945	-8.003270468209383	-4.568295797902589	-3.4349746703067945	-8.003270468209383	-7.711622095263422	-3.4723991269786616	-11.184021222242084
1.0	1.0	0.1	0.3	0.0	1.0	-5.228162418637618	-3.386360038241329	-8.614522456878948	-5.228162418637618	-3.386360038241329	-8.614522456878948	-7.96587393972108	-3.502088112873045	-11.467962052594125
1.0	1.0	0.1	0.3	0.5	0.0	-4.567052674596935	-3.235092633310511	-7.8021453079074465	-4.567052674596935	-3.235092633310511	-7.8021453079074465	-6.476196861014337	-3.226827317066905	-9.703024178081241
1.0	1.0	0.1	0.3	0.5	0.5	-5.437718734688312	-3.386917434208733	-8.824636168897046	-5.437718734688312	-3.386917434208733	-8.824636168897046	-6.745930838298516	-3.383732914334926	-10.129663752633443
1.0	1.0	0.1	0.3	0.5	1.0	-6.267194351719631	-3.4266982819248115	-9.693892633644442	-6.267194351719631	-3.4266982819248115	-9.693892633644442	-7.2068999493485135	-3.439589854814457	-10.64648980416297
1.0	1.0	0.1	0.3	1.0	0.0	-5.280347201159596	-2.9992959842252023	-8.2796431853848	-5.280347201159596	-2.9992959842252023	-8.2796431853848	-6.051914042828886	-3.0904600131686606	-9.142374055997546
1.0	1.0	0.1	0.3	1.0	0.5	-6.328596660176597	-3.2232899348423047	-9.551886595018901	-6.328596660176597	-3.2232899348423047	-9.551886595018901	-6.503417376940662	-3.2792009530772814	-9.782618330017943
1.0	1.0	0.1	0.3	1.0	1.0	-7.341804602354868	-3.388151178117507	-10.729955780472375	-7.341804602354868	-3.388151178117507	-10.729955780472375	-7.166209861169591	-3.3936139053375034	-10.559823766507094
1.0	1.0	1.0	0.3	0.0	0.0	-3.6466802486299605	-3.3976952470813226	-7.044375495711283	-3.6466802486299605	-3.3976952470813226	-7.044375495711283	-7.025315574256859	-3.341614142919344	-10.366929717176204
1.0	1.0	1.0	0.3	0.0	0.5	-4.412108280223318	-3.4332193934335	-7.8453276736568185	-4.412108280223318	-3.4332193934335	-7.8453276736568185	-7.295193033759602	-3.4249637527440497	-10.720156786503651
1.0	1.0	1.0	0.3	0.0	1.0	-5.114841495538499	-3.4713353049276017	-8.5861768004661	-5.114841495538499	-3.4713353049276017	-8.5861768004661	-7.655772706429319	-3.49404185498807	-11.14981456141739
1.0	1.0	1.0	0.3	0.5	0.0	-4.289683090060351	-3.370879278274435	-7.660562368334786	-4.289683090060351	-3.370879278274435	-7.660562368334786	-6.049060766220524	-3.326805776535065	-9.375866542755588
1.0	1.0	1.0	0.3	0.5	0.5	-5.233463702184692	-3.398918885086861	-8.632382587271554	-5.233463702184692	-3.398918885086861	-8.632382587271554	-6.444492222219219	-3.3825335313690195	-9.827025753588238
1.0	1.0	1.0	0.3	0.5	1.0	-6.112764101912365	-3.433425394683511	-9.546189496595876	-6.112764101912365	-3.433425394683511	-9.546189496595876	-6.983111471785351	-3.435637619793143	-10.418749091578494
1.0	1.0	1.0	0.3	1.0	0.0	-4.991509674059537	-3.3501518237610766	-8.341661497820613	-4.991509674059537	-3.3501518237610766	-8.341661497820613	-5.736321061738435	-3.2999920015522943	-9.036313063290729
1.0	1.0	1.0	0.3	1.0	0.5	-6.102218057433884	-3.371408425001841	-9.473626482435725	-6.102218057433884	-3.371408425001841	-9.473626482435725	-6.279190509132281	-3.3452755404964374	-9.624466049628719
1.0	1.0	1.0	0.3	1.0	1.0	-7.152101662344981	-3.3994390417507194	-10.5515407040957	-7.152101662344981	-3.3994390417507194	-10.5515407040957	-6.985360735365255	-3.391192523814451	-10.376553259179707
