x1
1.0
1.0
1.0
1.0
1.0
1.0
1.0
1.0
1.0
1.0
1.0
1.0
1.0
1.0
1.0
1.0
1.0
1.0
1.0
1.0
1.0
1.0
1.0
1.0
1.0
1.0
1.0
1.0
1.0
1.0
1.0
1.0
1.0
1.0
1.0
1.0
1.0
1.0
1.0
1.0
1.0
1.0
1.0
1.0
1.0
1.0
1.0
1.0
1.0
1.0
1.0
1.0
1.0
1.0
1.0
1.0
1.0
1.0
1.0
1.0
1.0
1.0
1.0
1.0
1.0
1.0
1.0
1.0
1.0
1.0
1.0
1.0
1.0
1.0
1.0
1.0
1.0
1.0
1.0
1.0
1.0
1.0
1.0
1.0
1.0
1.0
1.0
1.0
1.0
1.0
1.0
1.0
1.0
1.0
1.0
1.0
1.0
1.0
1.0
1.0
1.0
1.0
1.0
1.0
1.0
1.0
1.0
1.0
1.0
1.0
1.0
1.0
1.0
1.0
1.0
1.0
1.0
1.0
1.0
1.0
1.0
1.0
1.0
1.0
1.0
1.0
1.0
1.0
1.0
1.0
1.0
1.0
1.0
1.0
1.0
1.0
1.0
1.0
1.0
1.0
1.0
1.0
1.0
1.0
1.0
1.0
1.0
1.0
1.0
1.0
1.0
1.0
1.0
1.0
1.0
1.0
0.001240099990024293
4.1586217058506434e-5
1.5742574948574565e-5
5.710399459370477e-5
2.779949162155147e-6
2.9545787102820898e-5
0.0005414103647768227
0.02672020270216506
0.0250905984978405
0.027811027408815674
0.02553651852814065
0.025509173638047247
0.023740126189706282
0.028162490552010516
0.023165198882133874
0.023625333787636538
0.023811131718966306
1.2073180450969239e-5
0.0010422950396504836
0.000620434855022904
8.009539462844603e-5
0.0023631286556010456
0.002336225436948504
0.027923411922987366
0.029281550025016208
0.03137356875574903
0.004989867425412875
0.02783822603919004
0.004346923952680822
0.004742714539903688
0.028561380880288333
0.00043274538172099054
0.0005962348439972843
8.803426228070252e-5
0.005005477902120045
0.002069946791735243
0.000977976032077549
0.0006579834477722167
0.004932695273060477
0.004954319071176376
0.0008819343180052916
0.0031943653575015733
8.339566157652624e-5
0.0049582542732283085
0.026353833826994164
0.027443659609558947
0.027907182263407042
0.027037367233202245
4.299722139483963e-5
0.004840616305261098
0.030354664166194437
0.004884268950003829
0.026873790089838128
0.025239286170883727
0.0298936771462676
0.028577038179931517
0.0280554779620357
0.02849516029431178
0.028802504722060855
0.00572060552860486
0.005078950704370339
4.1379150192737965e-5
0.0013525670168470058
2.112510006501881e-6
0.0019393650078906495
0.002048041282873347
0.004728949645901221
0.028643462604198176
0.025127302223891156
0.004347194187592369
0.0048485902331765925
0.0038864136703974364
0.0247023546722437
0.030231006185987654
0.0037367658743699818
0.004950128820146618
0.023286206857486717
0.023941826195729533
0.030365285074890423
0.00457423886412515
0.004802393481475418
0.022688672106437928
0.027946022493850586
0.026131581238026048
0.02720265724424623
0.026686559327637065
0.024588692108377535
0.024005817707711263
0.03159235745652777
7.315213184882746e-5
1.7786989020034161e-6
0.0016942845712656204
3.556053668839109e-5
0.0002506388999253585
0.0029113447752113293
3.1747594189652314e-5
0.004601305037085001
0.03150799465513378
0.002184588371985333
8.65494601774254e-5
7.342685864488391e-5
0.00214592970547227
0.004797425915612119
0.030819068380282994
0.004213423893665767
0.024486803900975344
0.026691924185275773
0.0021313207974211442
0.002294938197333342
0.0021536134361199283
0.0017991400266735823
0.001859740986441089
0.004114916552947344
0.01943277029228752
0.027091445815346882
0.024485844893487388
0.024731726102353486
0.025890996606740244
0.02768954957839825
0.027224409909435993
0.010727244679571368
0.025343060739492253
0.024354966995433647
0.026342083528754435
0.02502618653323192
0.0035911889604242912
0.0029184197242456155
9.386458145974284e-5
0.0051012544113455596
0.029916945395878525
0.02975752770366309
0.029169633884080157
0.030646387712646807
0.030622147165839126
0.029197262221740242
0.030602452399750086
0.027915906097254754
0.004987371529118528
0.027030892557991133
0.0002685762424122208
0.004589527210907459
0.004278154994663584
0.031129857981595673
0.03066795529390648
0.024074751853138735
0.021536365331853855
0.02930584355398104
0.0020257391431518774
0.02775805518554842
0.02448339869640498
0.025325183605474068
0.028614643951575515
0.004403203626882277
0.025213888027031915
0.004696438820427744
