x1
0.039
0.039
0.039
0.039
0.039
0.039
0.039
0.039
0.039
0.039
0.039
0.039
0.039
0.039
0.039
0.039
0.039
0.039
0.039
0.039
0.039
0.039
0.039
0.039
0.039
0.039
0.039
0.039
0.039
0.039
0.039
0.039
0.039
0.039
0.039
0.039
0.039
0.039
0.039
0.039
0.039
0.039
0.039
0.039
0.039
0.039
0.039
0.039
0.039
0.039
0.039
0.039
0.039
0.039
0.039
0.039
0.039
0.039
0.039
0.039
0.039
0.039
0.039
0.039
0.039
0.039
0.039
0.039
0.039
0.039
0.039
0.039
0.039
0.039
0.039
0.039
0.039
0.039
0.039
0.039
0.039
0.039
0.039
0.039
0.039
0.039
0.039
0.039
0.039
0.039
0.039
0.039
0.039
0.039
0.039
0.039
0.039
0.039
0.039
0.039
0.039
0.039
0.039
0.039
0.039
0.039
0.039
0.039
0.039
0.039
0.039
0.039
0.039
0.039
0.039
0.039
0.039
0.039
0.039
0.039
0.039
0.039
0.039
0.039
0.039
0.039
0.039
0.039
0.039
0.039
0.039
0.039
0.039
0.039
0.039
0.039
0.039
0.039
0.039
0.039
0.039
0.039
0.039
0.039
0.039
0.039
0.039
0.039
0.039
0.039
0.039
0.039
0.039
0.039
0.039
0.039
0.0002953223019793173
0.00022829483857304654
0.00015769424714459756
0.00018688654426785405
0.00010623078194920296
0.00014108345847986368
0.0002811358957483131
0.0028923505515092694
0.0030131730312135067
0.003448170585865514
0.0027908811558614156
0.0026825425548604107
0.0014045324284431046
0.007858221626819489
0.0012330614083030265
0.0015456233420308736
0.0016193741359594395
0.00017100763376991698
0.00026007124159039456
0.0005460268346865054
0.001310849624459034
0.0008271328148762725
0.0009925486422229213
0.005726808872912221
0.013500744261385937
0.03244267510164149
0.002380543965707508
0.006714150070688104
0.0009889597759697572
0.0009579653795565426
0.009616096518361953
0.0002652538346893424
0.0003579876404834169
0.00028085746093405343
0.002901785477524681
0.000433501248171193
0.0003314039018978051
0.0002586255989156649
0.002020978458035887
0.002194134637408508
0.00039776981944434985
0.0003420133047102428
0.0002193025202758004
0.0016193568005056578
0.0028646271359836824
0.004550009157158259
0.006938585874747935
0.0046889968678683535
0.00022641439675114954
0.0013647679488406673
0.02405666364112754
0.0011157454386161894
0.002438405932066352
0.002425911572082475
0.01097146939364737
0.008053187194592911
0.007455165811517516
0.0075787460049217634
0.010904340424936263
0.001470219164811374
0.003688016673790321
0.0002633973147100418
0.00026581929196222033
7.579122888205282e-5
0.0003130591728205046
0.00043590269094227524
0.0009256679850002953
0.010033741368086034
0.0023424475345319956
0.0008548822479478504
0.0015414807898367195
0.00047657147524196965
0.0019085932487029893
0.022765010056397236
0.0004901194229244392
0.0009805371867198892
0.0012558190041626997
0.0015746263673766876
0.024167867187109726
0.0009038370433608071
0.0008702446638986747
0.0011167335332963172
0.00706925131105314
0.002677961559869758
0.004214457871921522
0.004060912305428416
0.001782171704099882
0.0016971411874025135
0.0329405865543252
0.00017117092252588782
0.00014840449011806024
0.00019348860774653006
0.00011875890765329999
0.0002486343693733308
0.0013236957315155167
0.0005894266847020762
0.0007667122060794674
0.032825501089492
0.0005407515724366672
0.00022717401171980608
0.00027735181174760003
0.0006018863146706001
0.0012239769225236546
0.028706788370663174
0.00038126646839051296
0.0016521394426768632
0.004069600104835033
0.0002516172641908048
0.00039726400746543917
0.000563608603055121
0.0002367998021029118
0.0002512994467572024
0.00039472928811411717
0.0006510178332957628
0.004797573537494816
0.0012727033878576302
0.002079614715955428
0.0024197823774807746
0.005193325663076519
0.0050794442869807575
0.0010454971882892542
0.0015476760916700466
0.0018689549517795095
0.0031958763935510588
0.002270692053243502
0.0004140167222516248
0.0010984197581198041
0.0006196520746617351
0.004497968962555937
0.010731719378999794
0.013241823127900367
0.011743285757666663
0.027055774476369202
0.026813903718757078
0.010106705797681682
0.026616057525416903
0.006967662339322412
0.0026754987301896398
0.004676221604993147
0.0004365256245229649
0.001151309829561669
0.0004327848641192334
0.031175862623467963
0.027269291332547945
0.0015550327165494543
0.0009868115748526514
0.014231099953362506
0.0003174510925778655
0.0035531787989572664
0.0019369926745553933
0.0021467789090250937
0.00988469538319416
0.0006980859930980094
0.002406598990006519
0.000971047562365284
