x1
1.0
1.0
1.0
1.0
1.0
1.0
1.0
1.0
1.0
1.0
1.0
1.0
1.0
1.0
1.0
1.0
1.0
1.0
1.0
1.0
1.0
1.0
1.0
1.0
1.0
1.0
1.0
1.0
1.0
1.0
1.0
1.0
1.0
1.0
1.0
1.0
1.0
1.0
1.0
1.0
1.0
1.0
1.0
1.0
1.0
1.0
1.0
1.0
1.0
1.0
1.0
1.0
1.0
1.0
1.0
1.0
1.0
1.0
1.0
1.0
1.0
1.0
1.0
1.0
1.0
1.0
1.0
1.0
1.0
1.0
1.0
1.0
1.0
1.0
1.0
1.0
1.0
1.0
1.0
1.0
1.0
1.0
1.0
1.0
1.0
1.0
1.0
1.0
1.0
1.0
1.0
1.0
1.0
1.0
1.0
1.0
1.0
1.0
1.0
1.0
1.0
1.0
1.0
1.0
1.0
1.0
1.0
1.0
1.0
1.0
1.0
1.0
1.0
1.0
1.0
1.0
1.0
1.0
1.0
1.0
1.0
1.0
1.0
1.0
1.0
1.0
1.0
1.0
1.0
1.0
1.0
1.0
1.0
1.0
1.0
1.0
1.0
1.0
1.0
1.0
1.0
1.0
1.0
1.0
1.0
1.0
1.0
1.0
1.0
1.0
1.0
1.0
1.0
1.0
1.0
1.0
0.0004015612861977346
0.0002554943664171695
9.904941568784667e-5
0.00016113420698653198
5.0873131388651145e-5
9.81203489327004e-5
0.0002368719923242513
0.003693819264419537
0.0039069775916469604
0.004524400626846931
0.003340902012852362
0.0032512693915970553
0.0014469568416178792
0.007789675508313406
0.0013651686221195132
0.0015500659059383304
0.0016149473345570277
0.00011846911715172075
0.00018943728824826758
0.0003384890654138566
0.000293973613091473
0.0005937816654966996
0.0006964725708329005
0.005645686632812681
0.01483745656627489
0.052947033525077215
0.0021557355187556467
0.006542162890111374
0.000746125132733276
0.0008038439570305204
0.009819780762414045
0.00031818011159450197
0.0010102326039102254
0.00015063197135551778
0.0024746557432670864
0.0004314805050001213
0.0013756102974361848
0.0009320325922278007
0.0020713398584500157
0.0022550404253164186
0.000929850939099612
0.0006802753523901736
0.00017169232438329137
0.0016023376703403081
0.002917247629311249
0.004541134365690491
0.006782447741844048
0.004467757473935741
8.986095124069637e-5
0.0011175166613068646
0.03273951100574629
0.0008902004315006094
0.0025718857281865457
0.002334357863638833
0.01306846599946215
0.00861088835238487
0.007343505985716135
0.00779011251960274
0.011398090487817113
0.0018947373675974875
0.004036493210372643
0.00011480776301929914
0.00033587788489650275
3.679600631476526e-5
0.0003498916242467941
0.00026160359516411575
0.0007770759335335261
0.010323079296145184
0.0022590123625563906
0.0006981799752771669
0.0012563110052688873
0.0005088629082619543
0.0018780636209942488
0.030155247079332405
0.0005029978553590401
0.0008382140250954052
0.001387641126087547
0.0015798633365710641
0.032967686506028146
0.0008067839151019622
0.0008862020046136415
0.001190519109694344
0.006923304461394609
0.0027691737298530545
0.004355416619015378
0.003857216032824192
0.001936074326875645
0.0016835962164861436
0.05436139082665306
8.101080746602904e-5
5.6228874774559455e-5
0.00016409735375701162
0.00011296320923846416
0.00021803447907216427
0.0009268811771951292
0.00013089573549772057
0.0006422129496191089
0.0540330448854422
0.0003860341475842941
6.234854149934148e-5
6.839451301738904e-5
0.00035635511676823526
0.0010005444572087636
0.04313782955005989
0.0003758986739763315
0.0016982385294598446
0.003865560848887447
0.0003329747115250443
0.00040109284870649807
0.0005293678182156042
0.00019937271192802596
0.0002092378590993872
0.00043177241295604216
0.000780289430351618
0.004574830117337541
0.0014123312254075238
0.0020231266385124687
0.002458871580149866
0.005373560254638853
0.004854919451268924
0.0016693944323000153
0.0016981903775616257
0.001835561515085714
0.0034678976436429134
0.0021944076501154135
0.0009407733304578741
0.001462498567266271
0.00022050551399295425
0.004456248470395072
0.012433329392905429
0.015425345830753922
0.012558386425609677
0.03923672696019118
0.03868517491717844
0.011512378858767294
0.03823790359201803
0.006813730275081308
0.002257511135016069
0.004455188783250929
0.000423359996499267
0.0012739209622456577
0.0003976057417348827
0.04945899062162974
0.039727643669916074
0.0018647277836066156
0.0010628172349630397
0.015853702708715514
0.00032261050893366163
0.004027055474548789
0.0018961521442826693
0.0021182109938463357
0.010142558068279593
0.0006550942230363254
0.002316909670296143
0.0007991933707898488
