x1
1.0
1.0
1.0
1.0
1.0
1.0
1.0
1.0
1.0
1.0
1.0
1.0
1.0
1.0
1.0
1.0
1.0
1.0
1.0
1.0
1.0
1.0
1.0
1.0
1.0
1.0
1.0
1.0
1.0
1.0
1.0
1.0
1.0
1.0
1.0
1.0
1.0
1.0
1.0
1.0
1.0
1.0
1.0
1.0
1.0
1.0
1.0
1.0
1.0
1.0
1.0
1.0
1.0
1.0
1.0
1.0
1.0
1.0
1.0
1.0
1.0
1.0
1.0
1.0
1.0
1.0
1.0
1.0
1.0
1.0
1.0
1.0
1.0
1.0
1.0
1.0
1.0
1.0
1.0
1.0
1.0
1.0
1.0
1.0
1.0
1.0
1.0
1.0
1.0
1.0
1.0
1.0
1.0
1.0
1.0
1.0
1.0
1.0
1.0
1.0
1.0
1.0
1.0
1.0
1.0
1.0
1.0
1.0
1.0
1.0
1.0
1.0
1.0
1.0
1.0
1.0
1.0
1.0
1.0
1.0
1.0
1.0
1.0
1.0
1.0
1.0
1.0
1.0
1.0
1.0
1.0
1.0
1.0
1.0
1.0
1.0
1.0
1.0
1.0
1.0
1.0
1.0
1.0
1.0
1.0
1.0
1.0
1.0
1.0
1.0
1.0
1.0
1.0
1.0
1.0
1.0
0.00031557105516147825
0.00023655106098322888
0.00015502402809833868
0.00018778594383459213
0.00010319197050293491
0.00014157631805567593
0.00027795783059586423
0.0029932336229874187
0.0031296387527796044
0.003575684272502636
0.002860969630289206
0.0027509130437562133
0.0014085196212936762
0.0078541443726622
0.0012502777803387482
0.0015440823646502544
0.0016163421062865622
0.00016743255976710172
0.00025317058032305506
0.000538918070936973
0.001253376373244013
0.0007981306904302856
0.0009572605335975235
0.005708544407920434
0.013739816047261395
0.03508235020604727
0.0023534403488637665
0.006689102295870746
0.00096216843478034
0.0009358347277092623
0.009663247373244043
0.000274283634107115
0.0004009163485649845
0.0002704414503182544
0.002850677216057916
0.0004244590041618348
0.0003715949180565568
0.00028466495827852593
0.0020135337867669685
0.0021892123273366104
0.00045751327785175977
0.0003622868891512611
0.0002094933076178861
0.0016186950807145766
0.0028656431589493938
0.004540154885113007
0.006916883232348622
0.004650747796889609
0.000212056554525302
0.0013288516581645938
0.02533853127554036
0.0010993882437719592
0.0024505555777851054
0.0024080232160817658
0.011251489450865642
0.008129400777312253
0.007442284290115713
0.007607165797407657
0.011002458992954165
0.0014738741965749577
0.0037387339043858034
0.00025068736426464577
0.00026908096702941433
7.20179343111888e-5
0.00030916933367642626
0.00041401831630808513
0.0009043763011382124
0.010096386905351844
0.002325945777198227
0.0008392283965255546
0.0015003565912030728
0.0004846281431756574
0.0019007364083826186
0.023879242009302148
0.0004962509533322343
0.0009936217058692113
0.0012729204657440684
0.0015729974569849581
0.025464588667428262
0.0008981688424747583
0.0008739994869102934
0.001126005213861901
0.007049570468769053
0.0026851766755593776
0.004225710521486695
0.0040247620508795726
0.0018007373595855661
0.0016925319997522395
0.0356755748769313
0.00016475653704082073
0.00014190460537128542
0.00019150566848609644
0.00011707948884625048
0.0002464208738073274
0.001323743331361171
0.0005587462298615551
0.000749171444385037
0.03553829440624583
0.0005254312421814019
0.0002079189823825337
0.0002521102537264937
0.0005697678920570282
0.001191461011264344
0.030683712524058958
0.00038154360367029244
0.0016557151791797885
0.00403340219999781
0.00026080648496600896
0.0003981965844353395
0.0005508334375971759
0.0002354585511118091
0.00024791295206037594
0.00040145829311620453
0.0006689587601256795
0.004759262799743757
0.001290189032631903
0.0020677245433759627
0.002419963271151412
0.005210064508329606
0.0050413525010901935
0.001134140988166978
0.0015657466677834176
0.001860991477054979
0.003226401247055498
0.00225541380902623
0.0004417199255972262
0.0011108179097398384
0.0006058981171049777
0.004545965613148384
0.010965583883872117
0.013566947363804777
0.011890613623562649
0.028769084108645128
0.0284902739779737
0.010301455431206833
0.02826243556679634
0.006946397146046765
0.002623071338622185
0.00463798520854312
0.0004408323585320382
0.001173021418457113
0.00042868176518460154
0.033579633545388086
0.02901553780022186
0.0015950149123362786
0.0009970050327341347
0.01451712021369691
0.00031998149306402824
0.003608036103052387
0.0019277298074536068
0.0021381329049328236
0.009941898835200986
0.0006959063370768191
0.0023890279463148444
0.0009462474991431082
